135
2 45 115
1 3 4 6 8 18 19 108 114
2 21 47
2 5 10 22 26 80 88
4
2 7 11 20 50 51 61
6 13 15
2 9
8 14 73 111
4 24 54 60 68
6 12 17 38 64
11 16 31
7 27 75 95
9 78
7
12 79
11 30 34 105
2 48 66
2 41 133
6 23 25 32 118
3 67
4 36
20 85
10 28 93 97
20
4 33
13
24 29 91 104
28 96
17 57
12 83
20 35 37 44
26 39 98
17 76
32 63 70
22 42 43
32
11 40
33
38 53 71 106
19
36 55 81
36 49
32 46 82
1 52 59
44 89
3 123
18 94 109
43
6 58
6 121
45 56 107
40 128
10
42
52 77 131
30 74
50 62
45
10 117
6 99
58 116
35 65 132
11
63 122
18 69 134
21 90 119
10 127
66
35 72 87 92
40 103 126
70
9
57
13
34 86
56
14
16
4 102
42
44 84
31 135
82
23 113
76
70
4 130
46 125
67
28
70 100
24 101
48
13
29
24
33
61
92
93
80
71
28 129
17
40
52 110
2
48
107 112
9
110
85
2
1
62 120
60
20
67
116
51 124
65
47
121
89
71
68
53
104
88
56
63
19
66
83
