90
2 7
1 3 5 13 15 16 33
2 4 17
3 8 27 32 36 81 87
2 6 9 14 48
5 31
1 10 11 30 90
4 12 23 45
5 35
7 21 22 60 76 84
7 57
8
2 19 26 65
5 39
2 20 41 53
2 18 28
3 25
16 47 67
13 24 37 43
15 42 69
10 58
10 49 72
8 38 52
19 40 77
17
13 29 56
4 34 44 89
16 50 63
26
7
6
4 71
2
27 64
9 55
4
19 54
23 78 80
14
24 46
15
20
19 61
27
8
40 62
18 51
5
22 79
28
47 82
23
15 68
37
35 66 86
26 75
11 59
21
57
10 70
43
46
28
34
13
55
18 85
53
20
60
32
22 73 74
72 83
72
56 88
10
24
38
49
38
4
51
73
10
67
55
4
75
27
7
