10000
2 3 6 20 25 28 32 168 306 495 6660
1 4 8 11 14 54 873 1131 4987 6669 6701 7755
1 9 16 121 4232 6444 6474
2 5 12 264 483 1706 4551
4 7 23 26
1 10 15 47 73 87 119 291 345 357 370 1904 5253 5530
5 103 314 4562 4809 6132
2 21 45 55 74 107 246 1084 2736
3 13 102 197 307 640 2828 5446
6 33 40 84 193 304 1772 3765 5757 9747
2 22 57 134 154 184 438 463 645 1444 2117 8780
4 105 719 893 946 2210 7594
9 281 5490
2 19 44 115 900 2499
6 17 59 116 811 1211 2216 9362
3 1158 1568
15 18 24 43 51 1013 1630 1854 9429
17 35 100 162 210 318 2524 5536
14 48 76 78 297 433 700 1065 1071 2311 2893 9276
1 71 144
8 29 805 1259 1403
11 228 1024 2040
5 27 41 166 1312
17 82 564 636 679 2799 5880 6043 6594
1 52 67 94 108 613
5 30 31 36 37 75 123 323 1038 1982 4278
23 576 887
1 42 65 68 72 858 1298 1996
21 53 455 493 1814 7729
26 138 165 240 970 1423 3282
26 34 39 62 66 177 207 213
1 295 1413 1455 4845
10 86 570 4048 7875
31 244 481 1626 1847 3588 6846
18 38 58 60 69 92 860 3459 9711
26 120 1808 2044 8228 8500
26 46 85 170 200 418 3325
35 101 198 1309 2439 9923
31 124 1711 2781 3066
10 131 152 167 192 1756
23 49 129 175 466 485 742 2643 8642
28 442 758 1680 3030
17 846 4236 6498 8691
14 139 407 1279 2497 6850
8 77 839 4176 7922
37 50 81 151 179 361 422 1870 1968 2388 4120
6 56 61 352 405 1560 3051 4363 8825
19 110 205 254 261 290 465 592 756 771 4592
41 106 604 1743 1753
46 2067
17 118 997 5015
25 63 787 1671 2784 8595
29 125 153 885 2701 2879 3937
2 89 484 2737 8934
8 70 146 1723 5457 7266
47 137 710
11 211 500 815
35 91 93 109 3592 4771
15 99 874 3816 4918
35 64 145 312 490 535 2217 3191 3331 3435 4221
47 216 324 494 551 2857 3631
31 389 1089
52 280 1973 7393
60 90 132 501 1296 2296 8226
28 1318 1789 1832 6816 7592 7810
31 88 147 294 828 964 2997 9555
25 278 7096
28 158 578 853 1029 3559
35 97 161 182 319 1102 1456 4511 7338
55 239 3311 7409
20 79 104 420 2242 7404 9253
28 80 117 1196 2098 5251
6 305 818 1091
8 269 678 6716 9559
26 113 1004 1319 2803 6123
19 3263 9547
45 1666 9534
19 159 343 346 452 1306 5085 5955
71 128 265 3552 6174
72 187 349 376 1124
46 95 111 219 488 1099 1401 2004 2384 3653
24 83 233 353 3533 4980 7062
82 149 1146 2149 9208
10 98 7215 9647
37 226 372 1967 2192 5405
33 96 155 2243 3784 7650
6 411 745 797 3145 6371
66 340 1771
54 203 533 560 713
64 201 288 293 562 1162 1863 5470
58 185 587 1372 1388 6154
35 133 260 334 1109
58 114 126 255 258 458 3067 3572 3972 8877
25 195 208 302 628 2995 3031
81 136 474 557 757 3256 6671 9655
86 130 271 1031 1167 4440
69 1390 1722 3839
84 1591 2225 3603 5167 6526 9824
59 135 140 898 1597 2327 2639
18 112 1715 2570 7416 8730
38 383 545 566 701 2521 7330
9 284 436 606 662 2892 6734
7 127 325 368 696 837 1564 1739 2628
71 174 321 2228 4110
12 283 504 2357 2605
49 230 289 371 561 4588
8 122 350 470 890 4501 8919
25 206 388 568 661 1277 2716 3408 6552
58 150 173 218 1994 7364
48 196 204 391 1764
81 238 413 1504 3304 3697
100 143 263 430 988
75 156 3268 4311
93 1037
14 457 649 1343
15 217 1187 4774 5972 6532
72 2562 8480
51 164 247 656 783 6771
6 214 1966 3808 8125
36 237 330 348 406
3 189 235 400 439 1550 2283 3961 6960 8971
107 163 1354
26 221 428 437 1442
39 171 447 1197 1204
53 141 1546 2752 3990 4212
93 222 276 563 675 4813 8172
103 186 441 530 822 4223 8209
79 473 752 789 806 1030 1168 3774
41 1452 2262 3312
96 259 303 581 981 1486 1691 1809 2553 2839 5610 9290
40 245 273 1127 3622 4275
64 253 347
92 194 417 3057 5493 6144
11 172 1137 5376 6706
99 454 5365
95 1949 2160 2563 3757 8203
56 381 962 4693
30 212 262 336 735 2148 5867
44 142 157 706 5045 7134
99 792 1477
125 178 202 268 550 863 985 1271 2000 9173
139 335 694 1853 2860 4155 9230
112 313 373 585 621 737 739 931 4790 6941
20 176 571 620
60 446 461 952 2028 6856
55 148 2362 6006
66 577 1628 1682 1928 2138 6530
146 8551
83 707 1432 3432 4415 4546 6390
109 1302
46 386
40 209 1816 4795
53 399 401 2833 3412 4329 5080 6836 6951
11 169 384 730 3035 4618 6337
86 328 889 1019 5204
113 160 248 2966 7958
139 366 443 3340
68 190 231 2182 6087
78 761
156 183
69
18 223 355 394 629 958 1034 1114 2010 2222 4995
122 681 1067 1231 2313 4339
118 1636 2866 4270
30 472 667 979
23 229 994 1060
40 199 375 643 3553
1 751 4585
154 309 722 1414 3444 4639
37 385 623 1147 1274
124 224 1604 3852
134 191 9809
109 232 538 795 934 1334 3023 3844 4757 6442 8519
104 188 393 1913 6089 7469
41 180 1132 2519 2858
144 450 1929 6808 9836
31 181 775 1975 1981
141 1182
46 310 311 456 5419 7255 9515
175 215 266 2758 2782 7834
177 234 356 424 471
69 944 3357
160 1001 3126 4135 4688 6999
11 285 298 598 633 1524 1670 1856
91 227 243 329 358 647 668 1490
127 251 360 475 583 1012 5416 7295
80 416 5843
174 299 338 444 449 1468 9828
121 522 727 1815 1878 1964 4408
158 2680
172 843 4310 5281
40 423 7578
10 331 864 2415 6002
133 241 1130 1183 8912
94 282 914 1379 1864
110 279 296 327 421 738 778 1149 1469 1762 2460
9 250 252 3992
38 1287 4558
167 326 3641
37 1320
90 523 971 1346
141 220 963 1705 2411 3050 7144 8181
89 794 2280 6955
110 507 519 1286 1761 2103
48 1362 1937
108 275 364 572 3702 6505
31 369 591 1514 3121
94 426 658 1598 1839
152 991 1153 1424 2875 3858 4452 4707 5535
18 528 3766
57 292 397 1044 1068 1741 1896 2062 2588 9249
138 594 1025 1450 3073 5358
31 486 918 2859
119 682 1241 1501
180 929 1142
61
116 267 272 638 899 8331
109 698 849 1229
81 225 582 1086 2410 2918
202 5940 6793 7423
123
126 729 909 3557
162 412 593 784 8132
171 249 703 1640 1796 2300
219 2440 8281 9919
85 554 798 1542 4163 5639 6262
185 579 862 2252
22 957 3576 9398
166 315 1268 1905 3894
106 242 1076 1545
158 2016 3581 7325 8199 9033
173 236 1033 4008 5279
82 468 654 3115
181 419 1476 2334 4023
121 5985
232 1624 1818
120 333 2261
111 1050 2579 2582
70 511
30 3236
194 544 1011
230
185 270 429 2618 5055
34 257 940 1267
131 595 4930 6494
8 1304 1329 1566 1661 4633 5388 5590
118 680 1357
156 637 4029 6687
224 543 6302
197 850 1336 2126 2761 3890 7899
186 256 382 542 786 1005 7326 7741
197 989 1270 2286
132 3498 7220
48 1141 1470
93 322 2914 2983
251 274 529 2336 8610
244 374 827 2610 3241 5312
93 432 2422 2951 5103
130 4755
92 317 320 709 8995
48 308 344 2382
138 605 865 4875 5364
112 277 2350 2575 3699
4 387 660 823 830 896 2201
79 5951
180 480 690 704 3127
217 650 1327 2325 7376
141 354 726 1281 2266 5206 6047
74 398 459 540 1322 1495
243 467 8942
96 936 4641 5834
217
131 1492 2299
256 520 575 2317
206 611 3164 3421 5307 5592
126 300 3457
263 524 1887 2129 7348
67 286 403 580 1453
196 342 731
63 515 548 4844 5716 6424
13 351 1855 2650
195 287 2055 2146 2302 2538 6649 7682 8538
105 2927 5482
102 332 431 759 1842 7172
184 539 676 1133 7191 9247
278 3577 3606 5687 7670
282 1053 3058 6090
90 402 1120 1165 1507 2079 3837 6228
106 1332
48 451 1445 7136
6 425
211 597 769 2110 2233 9000
90 392 396 765 3541
66 462
32
196 301 541 1247 3789
19 1000
184 316 559 1903
188 1200 6492
276 659 2341 6311
296 632 1112 4375 4695 7025 7157
94 596 2409 4487 7628
130 2123 2568 4810 6182 8805
10 556 622 894
73
1 1688 2843
9 1600 1877 2661 4046
261 414 434 1392
169
179 684 878 1324 2813 7758 8011 9704
179 599 1035 1342 1828 2322
60 2482 2617 4022 9053
143 2766 3927 8628
7 549 1264 4085 9030
229 3333
298 1536 3564 4974 5391 7187
260 868 3909 4218 5761
18 367 3513 5009
69 1189 1250 2984
260 4643 5014 7042 7261
104 469
255 717 4268 4352
26 337 1184
61 365 526 747 833 2452 8021
103 547 630 1675 2438 4768
199 341 639 1791 6676 7314
196 390 435 2141 8375
155 744 844
185 339 363 693 1285 2529 2676 2836 6232
120 4038
193 525
284 516 1461
237 464 590 2994 6664 7939
92 692 845 1895
142 513 653 750 840 1198
138 2034 5231 6720 8857
323 2019 3991 5527
188 1055 1169 1805 4088 8663 9054
329 2699
88 448 502 1087 5402 8521
326 2916 4521 4971
279 1543
78 670 5006 5295
261 8559
6 5263 8447
78 1548 4189
132 861
120 415 746 799 4447 6251 6645 8880
80 359 614 1797
107 404 644 770 967 1699 4496 6655
281 925 3455
47 1266 4132 9301
82 4994
268 1554 3072 4102 4384
162 943 1580 2970 3200 3670 7322
181 395 841 1999
6 1090 3150 3207
185 362 602 809 5837 8739
349 1822 3565 9467
186 2756 3654
46 409 618 1480 1782 7413
358 2027 2312
329 380 2506 3419 9589
206 666 888 1072 2832
324 378
157 3782
318 453 892 3593
103 379 537
207 601 695 1166 1745 2198
6 674 836 3199
106 377 509 4343 5410
85 518
143 1447 3923
257 408 2168 5125
167 1866 4655 5219 8568
80 527 1920 5548 7853 9334
371 711 3177 6571
365 1190 2808
368 978 1017 1724 2125 2145 6490 9830
363 6115 8015
137 721 932 2196 2622 4804
251 410 1551
101 984 1176 2048
154
170 558 812 8384
151 838 961
264
108 1678 5447
62 1732 2494 4175 4420 5616 6776
327
110 807 1155 2293
293 482 492 615 1156 5132
174 763 3192
162 1549 4634 6190 8058 9205
356 1496 3637
293 531 736 826 7054
211 1058 5637 6225
269 785 6120 8829
153 625 3188 5158 9752
121 477 1104 3715 4026
153 497 555 1240 1365 2035
288 440 508 2105 3056 6691 9176
278 427 536 1052 5010
350 445 1436 6335
47
120 616 646 1511 2161 3044
44 8220
374 708 831 945 1377 1648 1713 9314
361 2807 3617 4397 4413
382 848 1831 8968
87 904 1731 7533
223 902 2064 2822 8550
111 3971 8272 9744
308 589 808 825 6441 9784
348 1209 1224 1311 2349
187 733 876 1245 2948 8509
133 663 776 814 5032 6293
37 3711 9891
234 772
71 478 1833 3868 6333 8235
196 512 754 906 1737 1893 3756 5451 7861
46 1111 1687
192 498 634 3015 6739 7270
181
291 642 8611
208 610 842 2404 2830 5555 6273 7920
403 3567 5213 7216
123 573 1917 3907
243 586
112 460 941
284
258 872 973 1885 3822 6300
19
308 2490
327 588 2972 3665
102 781 1460 4827
123 476 977
11 489 600 689 1317 1654
121 510 2136
402 499 1502 2844
127 1393 2205 3886 4754 5675
42 567 774 2552 2732
157 1883
188 740
404 2921 8760
145 715 1171 2057 4767
124 1944
340 1027 2194
188 491 801 7100
176 3855 4623 4898
290 608 1009 5488 5731
78 6407 7575
367
135 2253 3986 7088
29 652 1323 6853
179 1520 2186
115 2049 3537 8855
93 1203 4134 6100
269 947 3063 6685 9641
430 867 1422 2153 4039 6212 9275
145
294 496 655 1881 6863
11 517 7889
333 479 514 671 2801 5949 6528
48 677 748 779 1023 1522 1924 3201 4859 5550
41 657 1359 2785 3345
270 1003
233 965 1331 1567 2199 6745
321 1057 4525 6610 6889
107 3563 7014
181 683 4569
165 552 1446 1971 3629
128 859 2095 6320
95 506 574 688 712 1244 2645 9365
186 607 3319
437 923 3176 4053 8441
400 1269 6427 9437
420 3877 4841
464 1129 2518 3368 8631
266 4264
34 584 753 764 1381 1457 1601 1851 3880 9307
392 1466 8675
4 487 503 1429 1720 4464 8471
54 6902
41 3465 6324 7408
213 1399 1891 2536
483 2956 5047 9285
81 532 6945
438 565 5179
60 521 665 1499 4943 6383
449 804 5090
392 922 2484 3586
29
61 1192 1385 4010 4773 7081 7217 9034
1 725 2606 6088
462 1402
401 907 1613
423 3187 6308 8567
440 1049 5777
57 743 4252
64 505 4161 5181
340 631 3823 6746 7207
483 648 1475 3805 3969 7371
105 6391
501 5622
474 741 1793
204 3366
402 1774 2465 7107 7374
371 2304
439
239 697 3656 5469
421 1115 2052 3336 3397 3627
335 1161 2172 3075
464 635 933
280 603 1216 1956 9851
332 800 3288 3381 4704
463 1150 2113
372 3343 3522 9416
204 1095 1733 3287 4335
274 1668 3017 3843
490 1921 2604
189 1039
201 8672 9022
277 546 2790 4188 7798
331 1633 3087 3294 4726 4855 6433 9911
324 720 1107 2376 8388
376 651
210 534 1207 1512
256 871 2771 5035
127
396 2330 5978
488
89 3720 9367
528 4619 5113 5224 9135
60 760 1015 3083 7778
403 803 1574 2279 2429
368 553 3534
173 569 718 767 5209 8370
285 1046 1932 2058 7857
269
296
251 2273 6468
249 8397
241 1530 1575 2695 3770
101 1586 1622
524 1300 1923 4572 7565
325 2002 9161
280 1079 3639 8731
314 1725 2359 7264
141 1430 2884 4382 6236
61 1048 1075 1384 2029 6618
472 2075 2729 2964
537 1776 2139 2324 2789 7506
226 612 773 2531
401 673 790 2413 8460
304 1625 3092
95 866 4664 9922
385 817 2045 4793 6881
298 2389 4076 5064 5373 6542
89 4122 6198
106 1139 4631 5751
90 2282 2488 9728 9856
126 1220 2581 2865 8294 9616 9837
24 1533 2214 7713 7867 9962
489 780 856 897 1061 1256 5099
101 1246 1676 2489
442 891 1802 2372 5078 5237 5433
108 3624 6238 9582
538 2091
33 1451 2600 6338 7222
144 2765
206 935 1226 2870
428 7795
474 1062 6566
274 939 1798 2683 4904
27 728 2166
147 755 2309 3832 4191 4324
68 1397
227 974 3025 3154
278 1219 2937
130 916 4911 5440
219 619
186 2258 5965
481 2481 3253 4784
143 915 2632 4050 8173
429 1080 1408 2530
91 2259 2797 7491
435 1032 1719 5127 6934
414 6637
333 734 1078 3302 5443
207 869 1077 1694 3752 4144
48 950 1619 2992 4404
223 699 903 1383 3135 6520
212 609 954 1824 1840 5424 5730
245 641 1478 5420
302 7015
292 2386 7354 8012 8267
184 1363 9181
311 5734 6450
438 990
369 959 1047 1282
358 968 1749 9241
515 626 1602 2867
49 4211 9057
262 7848
102 1850
475 1172 1345 5570
451 1416
594
426 2696 3074 8103
275 617 664 1164 1646 1957
554 912 4400
25 4159
349 1579 3026 6290
392 9070
406 1217 3568
611 627 2654 5800
361 2400 3590 6865
582 3433 9531
144 983 4045 4113 5065
143 1674 1718 4234 7315
304
170 624 821 1361 6137 9162
623 7494
399 1042 1265 1301 1693 5899 8405
603 1498 5507
617 1374 2512 3745
94 4394 4972
162
325 2381 5991 8543 9153
502 951
301 723 3244
184 732 1208 3644 4783 6447
423 2443 4112
514 788 1116
24 966
248 3544 4510
217 883 9361
326 921
9 1106 1350 2043 5874 7948 9132
595
425 1563 1907 4789 6708
167 5077 5999 6136
350 1101 1138 1513 1728
11 705 3355
406 829 1088 1483 2717 8253 8599
185 820 2743
503 955
115 1144 6446
267 5981 8018
527 901 972 2352 2657 4092 5952 6096 9660
455 5781
335 766 1395 4523 6272
233 669 1181 1962
462 895 1679 5746
118 1758 2472
466 4313 5201
208 714 1637 2208 5366
300 928 6095 8146
264 1650 3862
108 2021
102 672 691 2265 5246 5359
417 687 2071 4271
611 1283 4482 6243
490 1710 8205
364 685 2599 8972
165 1254 4273 6507 9572 9788
185 5242 7444
654 3147 3813
343 724 1070 1577 2175 3585
464 2496
662 816 1523 1547 2450 4463
555 832 1616 1862 6011 9302
370 852 924 1100 1521
126 2455 6503
285 5381
465 1082 1140 1396 1449 2811 6265
74 3105
24 702 762 7634
247 1294 1315 6173 6605
163 1410 1813 2248 4901
214 686 1485 1611 2089
471 1045 1348
310 2023 2897 4052
666 768 1394 9840
682 980 4403
663 1955 2613 4136 4559 7445
474 960 1925 3036 3942 4004 7245 9674
438 3014
266 1799 1985
662 1051 1308 2451
334 998 1830
329 2775 4020 9791
142 9806
369 2181
103 3803 7098
511 716 1163 2861 3863 4925
218 3370 4383
593 1915
19 1766
101 1152 1214 1588 3797
679 819 948 1454
224 810 3861 8313
266 1021 3692 5724
645 2093
139
149 1180 1313 1420 2540 3053
408 1014 1093 2076 3516 4083 7577
260 1538 3100 3867 5740
56 813
377 908 6125 6178 7021
474 969 1667
89 1040 1659 1820
658 1239
446 782 4472
697 1767 4081 5259
322 5688
538 1234 4251
12 1515 3713
526 995 7639
381 1778 4858 6544
169 3443
632 881 999 4115 4133 7800
670 749 2547 4997 7781
495 882 1020 2675 7884
268 2596 4169 4692
189
576 2952
222 877 1635 2549 5147
154 4151
279 2786 3048 4378 5061
633 1018 1288 3436 9583
416 847 2379 8290
590 4769
138 3917 4932 6024
396
143 8593
196 4825 6147 6598 7595
143 1222 3088 4320 5214
444 1980 7274
506 913 1159 8505
41 2446
500 791 1902 6461 6880 8489
328
87 879 1585 2671 7946
348 793
324 2068
465
724 855 2308
335 982 1188 7231
168
128 880 1022 1321 6412
481 2090 2958 3180 4801 5300 5660 7214
421 1484 2267 2685 4491
577 8361
48 1969 4065
95 993 1103
42 917 1562 2245
284 1230 1257 1910 4256
535 6464
159 2142 3347
679 824 5763
393
481 1215 5695
293 1043 1509 1617 2896 3681
653 1517 3484 4416
538 777 3518
685 8803
292 1726
350 1273 1901 2414 3109
48 796 1698 1935
419
554 3305
442 1205 1337 1954 3958
177
417 2757
767 1376 7344
196
465 875 2310
565 3146 6163
436 7051
715
118 1251 1405 2237 3709 7644 7905 8443 8798
223 1026 3449 4982 6240
398 2467 3658 7888 9476
251 1195 1677 1941 5892 6603
52 1290 5602
635 3721
128 1173 6466 9360
555 1206 4595 6352 7612 7929
743 802 3281 4327 6401 7130
140 1434 2307 2763 3727
746 1054 1472 3719 4473
203 942 1276
173 8120 8553
771 1532 2001 6284
87 3382
226
348 1754 3804 3884 3988 6820
516
449 834 3374 3794 9200 9850
791 1056 3386 8955
536 1066 1553 3292
491 1185 3213
21 1263 1556 2698
128 1122 1126 1175
391 1069 1228 1474 1763
414 1748 3967
358 3688 9590
703
15 1539 4193 4621
385
710 1634 2935 4185 4216
417 919 1335 3250
57 2203 7235 7317
672 1125 1194 1398 5185
558 911 926 992 2407 3111 5234 7304 8027
73 3233
702 4690
647 2087
623 884 1002 1569 4488 6030
127 1108 2930 3651 6519 8977 9378
264 3663 8268 9478
762 5187 7323
414 1662
396 8049
257 953 1191 1612 4658
66 1016 1704 5326 6233 7061
646 1160 1425 3983
264 835 927 1083 3248 3695
408 1360 4998
673 5081
324 1709 2773 3234 3847 8613
801 2375 5299 6397
830 870 4317 4361 9055 9536
370 857
103 2491 2520 7218
386 4517 9189 9785
45 1092 2150 8534
335 851 2202 3392 4390 4736
356
426 1121 8320
191 854
328 3097 4803 7752
334 2193 4939
43 2137 5914 9709
733 938
410 2292 4194 4694 5198
218 6381
250 976 2475 3611 4197 5389
840 975 2260 5114 8686
674 1911 2516 8231
68 986 1097 1223 5669
843 1006 6711
749 1007 1707 2863 3123 5838
565 1186
836 937 1081 1777 1960
28 1221 3070 3378 4652
473 886 1908 2209 3489
35 4509
347 1174 3160 6449 8436
227 1872 5238 7940
141 6693
193 1829 3689
262 1074 2026 6061
557 1059 3505
460 2593 5252 6826
317 2928
591 1936 2106 2295 3743
835 1085
529 949 4228
432 1063 2728 5651
2 1368 1603 1746
59 1463 2215 2247 3458 8867
779 3202 8085 8376
416 1151
729 1643 3845 4542
310
745 1933 8504
752 1041 3428
723 8310
725 920 1118 3222 5718
638 1488
821 1105 4691 5831
53 1555 1825 3996 5225
859 2340 2546
27
364 910 8298 8392
155 3477
107
567 1113 1729 4353 5960 5992
367 1008 1458 1487 1665 5486 6658
12 3255
304 1958
655 2423
264 1620 4835
565 905 1934 2030 3402 5617
99 7179
217 1391 1632 8157
14 1218 1631 7717
651 1010 2114 2733 5841 9043
412 3640
593 1136 2425
411
897 987 1143 1417 5804
421 1064 4097 4936 7433
497
711 8035
222 1326 6802
888 1953 3758
817 1400 2694
612 1415 5048
741 1232 6448 7960
195 1369 1695 6491 6591
585 4665 7708 8817 9603
581 1128 7702 8180
758 956 8050
213 1473 3463
814 1926
882 1843 3901
639
492 1804 7453 9296
476 1248 4485 5643 6763 8185 8768
674 996 1356 1750 5526 6064
351 930 1583 3219 5667 9520 9918
817 3049
830 8115
659 1201 1389 3006 3526 4069 6811 9388
215 2065 2097 3156 3684
925 1148 1462 2889 6613 7283
143 1673 1876
381 1497 1978 5180 8899
514 2398
173 6241
572 4289
271 1464 2235 8437
857 2514
847 2031 4846 5558 7460
575 1479 3966 8774
244 4276
430 1426 1572 6602
794 1179 1338
355 1193 7620
182 2060 2834 6749
408 1170 6062 9477
12 4068 7011
459 4745
702 1528
871 1096 1868 2391
592 2749
631 2555 3008 3889 9929
145 5140 7319
827
594 1094
648 1213 3224 7584
917 2387 3427
228 1235 6091
162 1293 1340 1769 4470
601 3546
688
386 1493 3618 3925 5380 5678
137 1459 1871 2990 3762
202 1419
66 1610 2578 5856
468 1440 2156 3405
636 1236 4910 8996
350 1803 2063 4748 9340
602 5160
712 1465 4091
30 1351 3353 8365
201 3470 7324
651 1253
432 2663 7757 8696
579 1801 2022 4505 5653
851 2244 2669 8333
850 4870 7299
437 1508 7300
379 3262 3269 8987
165 2686 2869
686 1605 4913
130 5857 8363
750
620 1352 6268 9141
383 1987 3429 4794
141 5618
853 3662
905 1249 1593 2011 2461 7760 9148 9628
112 1931 5948
252 3094 7690
600 1660 2670 2944 4591 5661
209 2305 2456
817 7075
757 1765 5471 9863
166 1527 2038 2929
720 2468 2557 7735
924 3614
51 3267 5331
692 2872 2873 2954 4672
723 1098
297 3359 6036
183 3061 6034
821 3085 7201
467 5154
75 1291 4139
251 4492
854 4976
855 5732 9152
892 1519 3939
451 2234 2876
901 3481 4462 6767
241 1123 1145 1657
186 1242
17 2059
708 5161
535 6151
828 1028 2353 7177 9166
379 3407 6199
732 1535 2100 7959
155 1614 1998
725 3093 7516
704 3841 4441
752 2226 3682 6122 6702 8472
465 6255
22 1036 1378
212 1826 2820 6738 6803
784 5412
448 6046
1016 3223
68 4180 6186
128 1491 3217
96 2523 7679 9272
588 1411 1652 4014 5291 7488
232 1073 1278 4013 4883 6633
162
311 1760 7339
1024 2025
114 1404 7367
26 1225 1992 2890
522 1653 2999 4699 8014 8853
713 1119 6677
880 1590 1638 2072 5782
625 7378
765 4741
211 1431 1595 2134 5877
683 1607 3144 3573 4687 8560
539 1154
601 2121 2998 8060
551 6537
499
238 1647 3509 4224 8533
691 1594 4682 8412
403 6208 6210
287 1441 5029 6263
793 2435 2883
338 1260 1735 5701 9280
802 3838
469
397 1292 2750 8527
866 6634
166 1135 1938 2713
565 3069 4391 6877 8634 9981
574 2917 8151
872 1370 4225
906 1252 8492 9377
19 1500 2157 2427 5211 6906
803 1177 1959 4483
163 1199
211 1339 2941 3815 3849 4654
807 2020 8417
670 1333 7269
19 4685 6215
364 1780 2008 3625 3820
1033 1202
865 1621 6538 8431
551 2013 2069 2495 3982
230 8367
591 1918 2162
590 1629 4545
548 2718 3373
586 1884 7925
857 4315 4797 7349 9186
677 2769
830
8 3968
870
219
340 1664 5554 6864
646 1117 1364 2826 6202 6932 8992
62 1310 1865 2315 6533 6607 8564
357 2218 2988 4700 5805
73 5915
839 1233 1412 2177 3001 5647
708 1110 2385 2621 8740 9270
954 1439 1681
519 4308
949 1946
853 9381
999 2708 4471 7866
81 2926 9548
674 1371 1786 4722 6385 9439
644 3045 4238
69 1227 1471 4497 6570 7599
757 5839 5840
400 1212 1861 2231 7746 9566
884 2046 3933
640 2642
526 2183
822 1428
92 1716 5465
1093
422 1289 1328 6437
301 2943 4257 6239
891 2907 4090 9889
162 1157 1380 1821 3388 6271
512 3865
635
1088 3216 9115
882 2580 5640
1040 4732
288 5141
842 2024 7762
806 1258 2403 2649 3512
1011
80 5195
816 1744 2504 2664 9971
806 3787 5595
131 1134 5117 6506
916
479
194 3133 5866 8130
2 1663 1827 2638
175
285 2185 2533 6109 7734
1127 2525 2623
1060 1939 4632 6015
903 5091
134 1794 1837 9611
644
561 1367 4127 5984 7189
677 1297 1353 4622
254
215 4779
905 7869 9067
649 1243
1011 1275 4949 6041 7966
83 3730 5266 5758 6895 8619
170 1516 4198
930 4285 4887 9930
196 9262
517 4553 8218
876 2401 2787
701 2977 5737
209 5043 5360 7186
1046 1178 2251 2462
391 3574 4059
392 1261
1114 1686 2734 8938
16 2510
741 7016
829 2548 8433
513
90 2560 4099
697 2107 3013 3183 7622
611
288 3677
369
96 2402 2644 3409 7582
128 1898 7411 8715
338 2342 2754
945 1237 1581 2608 9209
446 1849 2246 3944
607 2189
789 3106 5944
861 2855
806 6247
383 1299 3393 4942 5294 5852
1066 2925 3633 5691 5694 6929
1154 2042
942 2688
707 1700 3337
654 4258
178 2483 8247
194 1349 1991 2007 4667
323
804 1210 1314
856 1448 2420
116 8083
750 2656 4673
319 5579
378
827 1316 6429
494 2120
943 1255 1785 2099
816
786 1437 3885
72 1526 8164 8482
124 1355
335 2102 4231 7195
1067
299 1344 2272 3079 4438
928 1531 1697 4235
1073 1262 2255 5649
458 1701 2211 2719 9149
124 5397 9740
774 1779 8379
790 2856
528 1669 1909 2081 4114 9194
633 1795 2946 4716 5564 9877
415 7635
1185 8097
15 1280 3683 4555
1104
955 3178 5868 6322
701 1807 2396 6118
764 1645 2351
515 3517 4573
616 3579 8162
900
580 1438 2724 3494
563 2960 4006
858 2615 4660
739
853 2278 2780
415 6619 8702
1038 2640 4854
572 2821 7756
1102 1238 2501 4764 5170
807 7190
218 1879 8536
759 2979
163 5969
913 2551 5210
1092 2559 5665 9679
718 1712
957 4196 8395
966 8279
1170 2159 5184
1227 3206 4885
714 1303 2722 9618
401 2572 3870 6398
214 3878
1012 2950
1144
474 3945 4129 4740 9700
416 2636
566 5825 7917
296 1366 3598 4064 6069 9544
923 1325 4269 4459 4744
987 1341 1838 6515
319 1702 5292
783 1571 3209 3404
1064 1272 1295 3040 3272
972
667 1307 1993
1193 1859 3430 7442 7692
565 1573 2888 4916
759 1770 5178 6851 9507
1122 7236
21 5908
1055 5607
1156 6430 6727
1202 5322
805 1494 4283 4526 7164 8990
314 1589 4105
625 3021
352 1284 1810
244 2173 2229 3363 5304 7674
229 1970
477 3905
252 3125 6312 9171
141 2287 3218 3791 5311
1252 2584 3413
770 2416 5924 7335
170 2263 2383
1145 2204 3864 4647 5162 6887
794 2073 2144 7580
108 7598 9946
1033
44 1642 1792 2348
1211 1375 7773
268 2554 3243
601 1882 5268 7809
664 1481 2319 3046 6181
1266 8806
329 1421 1683 4318 9816
204 2257
198 1387 2155
732 1544 5207
1111 7128 8883
787 1848 4684 9206
1004 3919 4650
1058 5293 5698
958 1305 1615 3142
680 7833
1252 5058 6768
64
1140 1592 2054 3118 4303 5106
28 4121
1176
546 2221 2394
625 4924
150 2667
1239 1747 2550 3635 4646 7485
246
1293 2086 5989
78 2111 9104
1254
691 2405 3812
38 1330
1089 7458
415
23 9977
707 3731 5603
1185 1347
680 1418
1191 2777 4948 5569 7631
438 1768
65 3032
75 7003
200 2249 3303 3993
752 1382 1845 2041
269 1409 5478
455 2082 5934 6281
310 1407 5987 6540
1248 6052 6419 8052
909 1888
267 7048
1111
246 4876 6054
1309 1435 1608 4698 5456
468 1692 1736 4565
289 1557 1730 6484
1070 3198 4387
173
814 1482
250 2184 2901
774 7563
942 2316 6107
1068 4484
958 1358 1752 4861
1249 1684 5806 9400
311
115 7777
1200 7110 9395
607 2480 4074 6479
201 1582 2433 2441 2854 9459
1314 1844 2269 2479 4096 6309 9955
683 1525 2066 7102
1183 1537 1714 1874 2574
640
970 3258
983 2119 4701
1140 5123 6524
122 2666 3792 4857
1197 1889 6346 9742
924 1899 4141 6410
247 3496 3543
1340 1552 1658 4411 9384
466 1835 2033 8983
831 1406 4469 6194
623
205 3383 6425
598 1505 1869 2115 6788
1088 4628
401 2206 2360 2677
1247 1506 2227 7545
1139 1386 2101 3339
873 1651
914 8229
1063 1875 4839
1100 1373 6852
91
1371 4028
627 1606 2378 3535
1280
777 1433 1900
408 6698 9576
1024 3003
195 2792
1114 2714 3929
481 6220 7982
1321 2764
593 7426
551
494 1529 1623 3377 7498 8452
1367 5898
1287 2837 8586
91 5088
928 1596 3542 6373
97 3104 5748
899 4624 5749
308
441 1618 2188 2539 9888
685 1841
653 2899 7858
677 2847
578 2909 3134 6807 6833
816 1443 1510 1644 8695 9238
486 2453 4445 5089 5094 9764
911 3417 9432
81 2096 2356
496 2721 3447
21 1983 9720
1037 3474 6099
783 1576 2078 2845 5000
1360 1534 2829 4011
1324
586 3620
1322 1467 7200 9223
681 5318 8429
1032 1727 2891
1092 2812 3648 7723 8905
32 2658 5112
169 4292 8596
912 3859 6915
608
905 3230 5349
1315 2240 6032 7203
963 1427
707 2904 9259
1285 2164 2515
460 3238
30
209 2147 2163 2959 8028 8582
829 5723 7860
941 2329 3141
1419 1963 2128 8212
1108
483 2337 3349
550
1044 1734 2426 2648 4807
149 2814 9893
1376
792 3471 4950 7275
1330 1559
404 2466 2635 3854 8545
1195 2565 4514 5762
1219 1489 1696 5679 6150
1094 2290 3591 5120 7732
965 2498 7667 8746
1053 3071 7643
123 2238 2447 4540 6020
1398 2094
11 2573 3095
290 5847
472
373 2365 6313
1186
677 3506 4656 7744
212 2174 2485 2659
570 4480
129 8022
278 3908 4061 4255
702 3010 3424 7616
32 1951 2135 2864 5937 7570
69 1599 2074 6631
481 1755 2291 3052 9066
892 3242 4518
962 5916 8293
436 1570 1649
332 1558 1639
930 2178 7724
874 1738 3469 6849
936
969
482 3193 4037 4761 9188
1409 8542
188 4986 5036
196 1892 2535 5328 8811
254 2167 2180 2962
1102
793 1518 1541 3604
918
807 2739 5930 8847
503 1873
234 2726 4342 7050
140 7002 8969
595 7950
939 3403 6105 7074
361 1503 5994
1283 2084 3081 6159 9490
1335 2345
646
754 1740 4921 6294
682 4879 8007
130 7711
892
883
1438 3297 6258 6662
185
1030
273 6972
961
1263 1834 2108 9588
269 1565 1930 2036 2092 2250
395 1689 1823 5516
932 6626
626 6737 9800
490
1065 2276 2556 2841 6049
214 1561 4184
440 2419
1480 2871
111 2885
1363 2061 2152
1366 6145
288 4419 6642
977
765 4405 7596
1398 7447 9763
406
528 2684 3999
644 9018
207 5961 6023
719 2949
1147 2371 2380 7327 8122 9944
766
1472 3747
1008 1708 2454 3613 5236 5357 9158
456 2294 4086
674 3974 4609 5703 8382
465 1584 1757 1858 5134 6206
672
184 5663 6869
1348 1890 7428
1196
994 4853
948 1641 1852 2955 8683
1385
544 5108
1201 2762 3376 4777 9114
796 2895 7901
564 1540 2088 4955 8354
1406 1609 3138
1018 2298 6935
316 4058 4889 8242
1349 2085 2567
709 2003 3472 4153 4498
811 2747
1533 2436 9838
1472 1806 3751 6349
226 8511
342 1961 1974 2195 3136 5945 8711 8929
1288 2241 3194 4207 6422
230 3086 6806 8008
125
672 2583
346 2187 2589 3936 8703
394 2037
121
382 4961
1358 1587 1897
803 2731 3356 6133 6651
354 3848
885 1836 3621
805 5515
1332 2978 3920
1461 9440
1435 5551 9097
47 1578 2224 2840 8413
1501
758 6724
642 1742 2625 3273
103 2275 4049
1495 1990 2151 2590
246 2015 3220 3602 5121
468 2289
16 2541 7282
821 1781 7006
1460 1656 4865
1251 2080 5040 9666
941 3401 6399 6760
1256 1988 4674
536 3754 7604
544
1405 3005 3400 4461
670
1560
614 2122 4919 4979
355 2852
1170 1857 3442 3652 6957
1346 1703 2132 2571 3708 3802 4544 6674
925 2534 7651
1522 2697
745
545 3076 5467
1552 1655 2651 2751 8210
701 2213
1264 1685 2597 3488
1041 1690 6968 8656
98 1672 1759 8013
1297 5401
987 1627 2158 2735 8734
1051 1751
1044 4054
1389
99 1997 3448
208 2825 3090
1456 3995
307 2586 4750 7440
481 1784 2127 4146
603 2077 6574
873
171 4396 6007
980 2323 4108
1374 2170 2511 4714 5909 6353
1045 4561 4568 5050 7185
1330 2367 2805 5765 8309
1534 2627 3943 5191 8861
964 2017 4458 6112
682 3149 3669 4392
827 2070
497 2802
1019 3099
1293 4357 6339 6576 7808 7949
673 2005 2672 7530
765 1979
1393 4766
592
896
1074 3439 7484
545
1385 2585
236
556 2412
34 2603 5296
1593 4486 8769
147 7923
1078 2179 7154 8004
17 4071
900
899 4302
525 6639
813 3082 3628 5770
729 1942 9134
164 3235 6458 8904
658 3582
1041
1461 3650
224
1528 3619
1279 4230
877 1986 2395 3080 3246 6722
1398 5370 8152
1215 3515
611 8894
1050 7728
408 2804 5707
1460 3232 3322 4376
660 1717 5512 6799
1368 6200
1032
1039
438 4734
1587 2047 2437
1570
1011
1358 3181 3196 4644 5772
713 2363 4435 9190
990 3491 6388
246 4902 5933 7346
825 2682 3642 4866 5226 5305 5855
1131
1087
892
77 8836
712 3965
520
1207 1976 5057
184 4417 5901
52
1591 3529 8065
931 5903 6172
621 1817 6770
325 1880 4084 6886
566 3114 7502
786 1812
388
655 1948 3175
42 1989 3009
1094
147 2112 2344
1285
1341 8421 8689
1589 4018 5495
1157 1916
422 9001
306 5146
1496 1950
1590 4380
130 4935 7362
1331 3186
625
591
914 3091 4527
1438 2130 5533
1201 5822
771 2432 8418
350
1180 4167 7361
1203
1250 1721 2050
1582 1783 1788 3767
828 3162 3587 5802
202 3902
4 4360
855 2303 2473 4752 5861
1519 2798 3831 5773 5968
833 2288 2753 7463
665 1945 7474
39 1860 2598 5008 6003 7637
1234 4165 6274 6750 8750
408 2212 2878 3107
1349
100
1109 2335
1650 4679 6470
621
588 1947 3143 3151
483 2321 2953 3667 5913
1702 1787 2561
97 3270 6217 8936
55 1894 2364 2725 3391 5101 8301
379
549 6242 7549
769 2331 5572
1411 3334
644 1790
891 2277
1332 2239 2270 5392
411 1775 3998 5702 8117
389 8230
519 2274 6116 8277
1431 6561
1055
1331 6372
421 2678 6563
1463 2601 7957
103 3446 4183 4940 7785
1484 2487 2887 4587
211 3853 4019 6620
1563 2611 3748 3980 5673
49 6907
1125 9165
369 2607 3054 4060
873 3028 7944
1303 3836 5028 6896 8140
808 2361 7814
602 7420 7435
924 2690
1594 2882 3364
1340 1995 4291
49 5498 5954
799 7265
1457
40
1522 3676 6579 7256
656
1591 4584 4705
1035 3314 4519 5129 5329 7250
204
196 4539 5540
807
110 1972 3108 3420 3821
993 3203 7969
700
716 3723
1317 1773
958
1257 2912 7803
88 3503 9497
10
1768
508 2207 3964 4457 6231 7052
1731 1914 2281 2774
553 2471 3352 6954
857 2730 2945 4805
721 2053 2408 2469 7825
1205 2668 3155 3551
1072 1943 8554
1569
361 2006 6439
1703 2474 3399 3895
1601
1193 2124 3549 7669
1100 1800
1721 2936 4780 7239
1703 1922 3824
65 3240
1728 7366
326 2767 4717
1279 2783
506 1819 2755 5315 5511
1137 3163 3872 4478
1208 6431
224
349 3482
575 1886 5890
690 4434
1786 1927 8088
974 2165 7927 9978
567 5122 5430
967 3904 7375
922
338
1541 3210
1214 4239 6558
36 8976 9575
130 3647 3740 4222 8872
1266 1811 4893 8167 9883
1810 2626 3260 3479 5041 8871 9121
1677 3819
681 7914 9496
29
189 5393 6465 7521 8339
152 8834
1674
236 4263
1793
713 3550 6798 7057
1114 3879 8787
359 4475
1496 1867 2526 4533
594 2508 3212
885 1912 3532 6192
1025 2982
1131 1919
311 2967
864 6113 7291
692 1965 9282
410 1846 4366 4676 5396 5786
65 7022
420 2392 3184 6229
1494 9315
1359 3159
1555 6393
1137 6165 6859
1249 2197 2633
208 2996 7986
594 1906 5917
1394 2104 3733 8680
284 2614
920 6812
1347 2012 2343 2502 7945
1321 2449 5243 5332 7975
1831 2326 4337
34 6841
1290 2131
1171
606 2806 6017
481 2018 4933 5774 6867 9601
1528
142 5842
17 3718 6725
281 2778
184 6796
1581 4763 7520
1522
1255
1711
1104 3113
673 9111
90 2681 4323 4637 8136
195 2039 4346
1089
375 4147 5203 5817 6404
1823
949
1363 5460
46 4209
962 5212 5277 6153
862 5586
1475 2569
1349 1940 9051
1370 2109 9228
931 4267 5836
307
189 3024
1229 2355 5577 7390
1675
462
1282 3214 4430
443 2905 3742
1080 8381
432
1798 3038
277
1326 6250
1355 1977
1525
486 3043 6350
1469
421 3910
1723
334 3896
211
1552 2445 3315 6704 9717
1168 3994 7497 9036
1356 1952 4219
1376 9474
770 9239
743 7026 9331
298 2009 8572
6 4253 4728 6230 6630 9143
229 3286
1840 2800
642 4712 6417 6726
859 2264 3989
1207
759 2591 6636
852 1984 9493
1825 5018
174 5752
1775 2745 2923 8020
699 3059
1686 2116
428 3012 3179 5466
1077 2849
1827 3274
376
521 3060 3698
1788 2254
546 2505 6114
465 2143
688 3208 3701 7221
919
1800 2032 2056 2986 8264
147 9368 9706
176 4093 7099
1495 5544
988 2083
539 3562 5459
879 2492 8098
897
771 6948
869 5156 6157 8402
205
1060 2902
1135
1874
786 3869 8544
1635 2665 7742 9831
1780 3437 9289
447 3527
1710
1096 5319
1719
1679 2795 8198
136
1689 8456 8507
1455 2430 2528 4422 8935
1899 2577 9480
910
774 3249 4746 5264
687 4429
515 5543
611 2051 2354
894 3173 4963
1066 3338
857
1543 2459
654 3580 4905 8506 9254
1427 3239 5789 7389
189 3000 6546 9080
1830 2444 2543 3584 3873
119 9048
85
46
756 2328
1268
472 2390 5033 6718
1764 2418
63 2660 4439
1543 2842 6416
177
1669
1889 2476 3011 5250
932 5967
1617 2176 2809 6436
740 2493 4580
177 3122 3301 5118 6967
26 4880
1403 3911
1911
690 8124
1643
984 2703
1573 3493
1680 6022 6203
1565 3254
1183 3674 8240
1038 2976 7320 8495 9808
1254 4946
109 3949
1752
28
1597
1019 2564
356 7852
141 4032
796 2014 2358
547
1538 6191 8648
81 3555 4126 4651 9438
1616 3153 4005 8257
1782 2537 3473 6753
1183 2913 8547
1072
1903 2609 6747
162 2704 2915
987 2219
1844
1075 3545 5418
2001 2374 3646
1566
231 2500 8386
1610
1851 5455 5468 8782
337
1069
661 5019 5287
974 2133
684 4001
1121 3704 4799
1036 3117 9342
865 2434
362 3140 3560 4424 6682 6944 7753
145
551 2594 4566
897
938 2710 6083
1927 2417 6805
1359
336
401 4909 5175
1495
1549 2223 3020 3112
994 5484
1864 2220 9987
22 2191 2314 9263
1321 6389 6632
1178 3612 8308
640 3691 3796 3918
36 3846
558 2118 3247 5278
1105 2776 2779 9750
1655 8280 8792
383 3257
457 3042 5403 7454
1702 2140 3280 4681 6686 9670
1957
512
1778 2346
1297 2673 4254 6314 7793
282 4261 9192
1927 2709 4213
446 8979
539 4443
1013 3062
944 3973 5128
1505
211
967
412 4116
929 5070 5441 9288
1348 2980 4500
50 2171 2271
747 2421 4373
1075 5039 7152
1612 3227
663 2457 4265 6500
1041
1276 2715 2877 3418
1456 4931 9434
552 2788 9382
708 2370 3800
1602 3657
1405
288 8947
1571
1207
1323 4668
1931 2700
1481
1537 2796
1305 6732 7352
820 2256
1533 4792 7309
682 3941
753
569 5130
1495 3007 8006
705
1443 3979 5559
473 8930
1401 2587 2760 9796
929
72 2442 4506
1193
1018 2742
1367 6789 8408
1198 6588
204
1841 4636
402 2431 3004 4606 6369
869 4610
1163 2566 2692 3047 7181 8284
1494 3834 4956
1875 5878 6204 9852
292 5316
1306 2940 3466 6364 7083
1682 3416 3750
517 3788 4381 7782 8318 9676
901 2634 8670
1363 2712 4260 5044
1916 6901
11 3975 8176
2045 4347 4928 5314
1352 3290
1192 2406
1047 6730
1579 2154 4063
303
1785
379 2236 2366 3296
250
1601 2306
1427
277 7771
1696
1848
1582 4030
2022 5760
1044 3158
1455 3575 5659 9106
439 5811
846 6085 6471
147 2200 2232 4286 6481
553 2339 7880
2050 4735
327
761 2169 4787 7897
1924 3271 4125
1276
379
282 5286
1424 2190 2655 2720 3320 3830
138
83 3132 8849
839 2320
1565 2810
1505 9732
460 4035
2122
1287 3317 4481
965 3089
1065 3638
1593 4874
1237 4174
136 4817
406 4279
1077
1424
1421
1801 2285 3510 6821 7619
576 2631 4583
1470 4137
374 4190 4922
2142 5973
1606 5591 8469
2067 3892 4047 4451
513
1267 2230 3276
1450 2464 3394 5894
670 4503 7129
1979 2848 3019 3716 9180
1092
1462 2338
1629 8143
1470 7119
695 4838 5317
158 2576 5683
1107 2268
1336 3490
1133 5007
456 3643
1548 8530
1393 2981
1172 3002 3078
2147 2942 6692
2040 3680 6124
85 3732
845 8833
448 3110 3825 9564
1543
381 3369 5854
1838 2393
369
468 8102 9052
2138 2509 3763
264 9236
840 2793 3685 9605
815 3077 3189 3450 6342
1275 2333 5139
441
1365 6565 7263 8629
1774
658
859
12
1203 5537 6599
1713 4314 7681
1588 8630
564
874 2619
15 2592 3632 5710
60 3940
1090 7356
2011 9714
2039 5517 7386
1300 2301
162 3761
2037 3530 4172 4319 4683
1560
98 4455 8891
1022 2706 4372 6784 9634
1366 3570 5900 7039 8526
104 3129 8563
1267
2173 2284 5492 6663 7613
1104 3335 8324
2138
292 2522 2963 3022
1009
936
2125 2373 2772 9138
783 3323 7791
1442 7751
1730 2470 6156 9010
1418
1544 2368 2503 5690
71 2846
86 3486
975 4321
758 3739 7766
1171 4284
874 2463
681 3705 7431
1320 2428 2542 9680
1495 2831 4425
1154 6949 8652
227 2629 3977
454
1922 9691
1202
2087 3921
1286 3204
583 6847
587 4677 6184
851 9811
237 7998
129 4927
1274
1908 3666
662 5053
268
754
2183 4991 7131
1347 2297 2987 4626 4796
1730 3396 9734
2067 2558 4042
1200
542
1733 6667
1564
1500 3934 6818
1729 2693 3410
1223 2740 3375
536 2478 2507 3746 4331
203 4402 7121 8187
1775 2689
562 2318 5571 8948
121
2230 2347
2165 7483
252
1271 2991 7587
1709 3157 4640
1567 6885
1439 2687 3037 5549 7895
1457 7225 9321
848 2532 3734 7567
391 3753 3811
1520 3953 6554
869 3324 3926 5142
64 2616 3096
2269
1535 7232
273 7417
224
2221
282 6405 9862
1707 3528 7091 8091
509
991
2127 6055
792 2974 3365 9352
749
577 8327
779 2399 2458 3645 3962 5025 6478
19 3519 6079
362 6775
163 7830
2040 7267
1089 2332 4743
1338 2744 6943
274 2823 3330 8159
2282
1283
2150
1720
311 2707 3398
1605
553
267 2602 3406
1846 2369 3172 5846
99 6511
1969 2908 3065 3508 6956
1426 5301
531 2741 6801
1726 4055
2315 7161 8484
2204 9745
234
1716 9517
256 2527 3810 8535 9279
1429 6330
2178 7073
2139 5541 6844 9031
886 3332 3679 3922 7562
300 2817 5828
1169
1844 3328 9242
1682
1482
2053 7509 7921
2284
1279 2544
415 2768
263
1215 5819 8637
651
1016
1957 5368 6375
1879 2424 4040 7087 9025
1401
105 9561
2001 7457
549 2794 6400
1365 6082
1748 7279
146 5929
1659
1723
1447 2397 4332 5235
2125
1608 6131
2241 2377 2630 4119 4240
2326
2076 2448 4377
1516
567 2975 3264 7241
2236
2014 5499 6477
834 5084 7141 8757
526 2620 4012 5850
2368 9789
1374 6926
733 4512
1516 4016
630 5485
261 3327 6699
1274 2886 7654
81 7036
1093 2477
597 3950
956 2647
46
559
1971
949
1833 9739
2197 5562
1300 4338 5432
1643 6110 9622
1214 7804
2365 5563
933 6187 7636
2310 5632
618 2646
1151 3523 4959
1167 3636 7876
1122
426 4856 6327
1308 3128 3131
2120 5445
817 4992 5076 5427 5504 9940
1778
302
219
202 4201 6045
1625 2827 9212
555 8161 8639
770 5334
193 3785 9895
1273 5727 8403
2032 5697 8510
1972 4507
1502 3120 5217
1186 3318 4325 5656
2068 6128 6453
258 2513 2517 6741
895 4395
2355 4756
903 4531 9229
1431
1065
2249 4095 4725
536 4044 5067 8910
1951
2105 7518
1698 2903 4860 6984 9581
1346 3706 3817 4066 5258 5848
2026 8112
1054 3456 3616 4170
1540 8041
1655 2705 2906 6188 6224
325 8113
38
225 2815 5759
1346 4015
2098
634 4348
1965 2746 3981 8453
1897 3016
742 6504
1442 8274
2370 4516
1845
672
691 4423 7698
324 2723 3165 3361 5905
1399
1519 2545 4567 4729 7840 7974
675 4412
991 2662 7926 9754
2071 4036 6134
2310 7403 9147
1961 3511
196 4563 6426 8819
987 6927
1154
2247 5136
2174 6467
508 3956 9894
1436 4355
785 3501 3712
995
1778 2748 5131 8886
2239
1776 3540 7479
656 3828 4007 9608
1707 3495 3599
1783 4179
850 4177
1977 6556
2385 3690 5627
2279
1347
1345 3102
584 2486 2702 4579 6004
312 3928 7284
1182
492
1450 3170 6141 8174
2481 9128 9392
1740
562 6606
566
434 4350
837 2679
1933
1980 2880 4229
389 2881 3225 6713 7571
1075 3285
671 3261 3289
44
1440 4143 8345
14 5415
2016
1227 2612 3959 5168 5696 9330
1844
2241 4493
1125 2911
1923 4520
363 4075 7783 8064
2279 3970 6723
1824 2738 3103 6214
2200 3344 6980
1158 6483
1606 2938 4297
627
2422 2971 3856 3912
937 6612
1421
852 5383
2422 3055 8108 8741
479 3547
175 2838 3675 5229
837
101 3277
2233 3461
1031 2674 5163 6413
18 2947 3476
1134
1823
2336 2791 9642
1951 4581 7063
329 3871
586
554 3729 4009 5215 6395
2292 5148
1133 3414 4154
1583 5576 9867
1469 3717 5719
486 5615 8653
2006 2653 3316
282 5796
1393
707 3807
1568 4101
2249 3346 6266 7252
1965 5138
2348
2454 9530
886 3668
724
1160 5979
729 3778
1303
1232
442 3295
130
1281 3790 7824
951
1500 2624 4617
995 3771
2271 3029 5668
1233 9502
1162 2835 3084 6878
1721 3827 5395
117 4444
136
1998 2922 4210 5715
1437 2919 6359
2107 3485 4051 4106
1537 7789
303
1873 3897 9317
100 2691 4663 4848 6143
1582 7761 9941
1240 2939 3536 6394
1444
1349 2874 9084
263 2934 5022
2182 6103
1952
964 3195
238 4214
1118
563 4528 6060 9845
238 3390
1547
1272 3068 3595 6580 7139 7332
1623 2595 7743 8177
1600 5810
2096 4981
211 7065
1548
1565 3411 3755 7640 8692
1910 2637 2641
2216 4872
867
2029 4666 8845
2585 9261
726 4549 5165
1589 2770 5073 5273
1711 4508
666
570
1738
2325 3672 5799
1626 8087
521 2910
105 3451 6714 8346
495
1745 3707 7199
1170 4917
2009 4689 6517 9069
257 3737 7977
1742 2727 4923 9145
2501 3957 5475
687
1842 4535
1221
2296 8477
312 2973
243
2215
2376 4645
1093 3464
381 2652 3630
1134 3371
2556 3298
1563 3899 7821
1811 7900 9821
1609 7936
103 3182
2252 3561 7630
2368 5012
2166
585 5794
1838 4437
2114 3307 4711 5272
1436
1245
2591 2818 7710
1131 3594 5876 6001 6625 9898
99 2862 9338
1225 5096
2591 4299 7213
1106 4082 6873 7557
41
1167
474 4534
2400 3452
2387 2868 6077
1431 3185 5633
1122 2711 3673
281 3558
1587
2622
2537 6778
617 3341 4878
2147 3548 4564 7552
1188 3064 3883
651 4448 5650 8031
1413 3793 4597
1450 5709
1973 6216 9177
307 3124 3976
2456 7370
973 5222 8401
1125
1942 5545 7135 7689 9039
1354 5202 6068 9686
1302 7984
1779 4822 4896 7399
975 8009
990
745 5736
1616 3293
2054 4427
2523
725 4371 6762
329 8941
1365 3735 4776
1737 4669 7539 7648 8743
2491 3018 3531 5711 6582 9423
190 3916 4226 4723 5274 5335
1863 3749 4208
1662
575 2900 3116
1512 4087 5557
754 3237
979 3161 7770
2290
1179
2281 3806 5998
1750 5792
2570 3033 3441 4062
2107 2759 4785
2277 5384
911 2850 3279 8069
544
610 3329
1584 5864 6502
805
339
2083
53
2481 9615
1987 2819 4952
2010 2920 5826 9813
2437 5729 9077 9137
2226 4578 7059
2322
1098 3634 8131
2056 4575 5584
2031 6804
2649 6728
2115 3174 3278
1060 3440
1380
2073 3168 5975 9563
108
646 7737
1079 4433 9907
1203 2824 7501
2147
1402 4829
1239 6207
2452 3566 6354
1219 4594
1723
1476 4322 6897 7730
2611 2816 5600 6583 7769
872
552 5561
1777 9844
1553
442 3171
901 3101
1157 2853
1593 5399
8 4109
54
2508 2894 7082
1474 4330 5205
2278 4287
2330 5362 9799
2100 5510 5624
647 7302 9783
2316
1914 7525
2444
1539
2469 3978 5611
950 2969 3818
1058 4277 4432 7024
1587 3221
125
1709 2931 5450
1169
1793 3860
360
776 5150
180 3660 4414
2692
2096
250 5062 8914
1531 3686
792 4333 5439 8528
1382 3152
571 6759
313 5218 6221
1791
2349 5739
1082
2597 9326
529 4702
2236
833 3027 6345 6979
1775
693 5072 5664 6291
2046 5596
1316 7160
1855 7540
2046
1223 2932 8953
39
180
1792 7451
52 9079
466
731 3946 8588
1151 4833
2075
553
524 5630 8394
2527 3504 5330
1379 8954
2202 6169 6509 6697 7116 7819 8573
2359
1948 3231 4703
2085
587 3205
1708
24
1906 4826 5461
464
1613
75 8887
1648
1608 4187 5859
1850 3776 7611
409
378 2961 6306
1979 5183
2151 8614
677 4574
1412 3423 5503
310
1432 3308 6084
2440 5585 5921 8606
2727 4294 6463
2341 3524 7938
2637 5496
2703 4762
1025 3851 8110
1226 8754
412 3309
2317 3167 5875
2719 3389
1598 3857 9457
1088 2851 3422 3499 8219
2412 7385
9 4140
1406 5374 6719
426 7908
2250 4031 5190
364
153
944 7720 7854
2560 2924 4118
329 5049
1387
2519
130 6260
1560 3781 8127
1500 8677
1974
306 5199
440
1405 6261 7132
2242 7182
1396 2898 4659
2176
1918 3284 8032
2694
2826
1580
2734 2957
1346 3596 5355 7664
1174 5221
1206
61 9102
175
213 6920
142 4094
697 2968
2639 7659
855 5013 5254 7053
1455
563 6126
164 4627
603 9445
2647 3139 3799
979 8832
572
1503 3358
998 3190
998 7020 8868 9776
2574
209 3947
1009 5083
2073
1713
53
2493
2494
1751
1054 3525 4806
550 2985
1504 4847 6445
2383 5017
1740
1256 5462 6899
930
1038 3578
1411
102 5983
19
2738 3041
1532
765
684
2847
1395 4362
2683 3259 3380 4079
1336 4067 4431 9993
1938
2432 3310 4389
1420 3372
1883 6545
2437
1113 5644
2328
1397 3169
2604 3768
2504
1770 3924
2007 3362 3874
255 5288 8048
2010
341 5256 6963
1062 5491 7842
219 4719 5020 5169 9912
2565
2704 5126
445
2564
1914 7251
2835 3395
1177 3678 6160 9265
1099 4203
283 3445 3597 3722 5030 5893
868 2965
994 2933 9528
822 3342 8034
2753 6854
2780 6829
2929 3313 8427 8721
2575 7874
813 7786
1787
580 4598 8720
2511 7178 8399
2572
2111 4522
1068 2993 4148
2190 3809 7519 9269
1112
990 6892 7672
1777 3245 5539 6946
1208 6928
2524 6379 7150
416
1515 3385 9426
1242 6038 9347
258 4582
728 8612
1720 6130 8250
998
1528
487 6070
2853 7473
753 3098 9839
1424 3148
1220 7410
2808 9770
1470 4747 5059 9312
2233 2989 8371
552 7705
2928 3265 4245
156 4296 8303
1828 8617
2861 3623 7626
2749 3539 4903 5182 5444 7313 8434
355
2513 3166 4374
435
2617
2307
2372 5269 7175 8860
1992 3814
1152 8334
1557 3583 5784
1230 6989 9687
2066 4613 6548 7027
2188 8175 8761
1826 3228
255 3039
319 4152
2884 3780
1927 3034
2269 3772 5271 5534 5936 7258 8030
1090 3502 9339
2963
962 3703 8655
2287 3826
592 7838
2941
333 5508
94 5931 8171
1839 5411 6903
66 7418
1047 9815
1039 5589
1964 4596 5031
1092
2189
1378 3367 4401
2105 5823
1576
928
2092
951 3601 9258
1680 6171 7012
1454 3600
1977 3291
1917
1163
689 3454
423
2445 4989
520
2679
2176 7572 8040
2037 3906
1265 4217 8016
2233
173 5438
1878 4181
579 3350
614
2773 3306 5726 5910 6525
1746
2558
42 3900
94 4888
1318 3710 4077 8906
2691 3876 6035
2986 3326 9550
154 4969
688 3119
2290
1886 3197
2983
1252 3211 6380 7478 8190
2894 9130
2049
1891 5348 8067 8153 9574
406 9399
1101 5525
1283
2107 3492 4642 7915
731
926 4990
202
47 6402 6472
1457 8647
707
1745
2517 4142 7964
402 5280
133 4504
287 6146 9453
1915
1921 7846
1001 6455
2059 9074
459 9011
2656 3960 7928
2328 8709
39 3589 3963 7653
93 3283
2584
1061 5172 9975
858 3266 4891
1441
354 4467 8338
212
610 4960
513 7298
1586 6057
2203 5771
2189 3520 6382
1200 6033
1643
1481
1634 6970
535 5642
2560 3438 4541 5935 6048 7156
1002 4100 9795
1545 4138 8255
525 8271
739 4233 5458 8874
2156 6908
1598 4850 5027
1695 3130 3360 4021
556 9948
1020 4819
989
1444
2296 8071
844 3507 6733
2958 4293
1614
709 9817
2733
2480
2508 5620
1390
678
1173 6586
1713
1764
770 6056 6328
2194 3500 9656
817
2037
1861 7337
1676 4620
233
2683 3137
2025
1297 5957 8329
3036 4248 8870
2419 3229 7851
207
1981 3932 7212
855 4907
2661 3829 6923
1270
183 4145 5808
266 3930 6975
2405 3571
2228
3091 8911
2405 4446 5285
2149 8523 9970
1130 7318
1397 4593
593 4227 9853
1543 5750 6148 8908
3116 4024
1534
2868 3664 6111
2027 8649 8897
1426 4326 8966 9133
1293
1719 7699 8059 9256
1045 5327
87 4537
780 4975 6326
669
2959
1611
357
1719 6295
2764 6647 7436
2005 6376
579 8259 9126
1779
929 8978
2288 5105
2134 3354 5528
1835 3759 4630 5404 8037
861 3351 6529 6736
2686 6595
1704
1794
275 3468
2452 3251
2971
2823 5812
2715 3215 4281 5753
2909 9673
2485 3462 5248
2732
2326 4730
1958 3226 7527
2712 3252 5873 8026
1679 6435 7655
476 6269 9003
377 4150
1213 3801
1917 9980
753 7363
1658
2628 3460 3882
1163
1833 3955 4912
2648
1692 6037
498
399 8837 8997 9401
2203
2872 3760 7481 8114
60
393 9957
1466 3299 4237 6476
1544 3775
2578 4368
1658 4202 9767
3038 3480
1333
370
355
465
875 5565 5953
1765 7013
2257
2797 3478
1238 4370
357 3608 4117 9227
1925 6183 6819
1251 4070 4920 7124
1806 3426 5721
3040 5342
1824 6550
804
1882 5787 6164
3168 6499
1117 4098 5232
1030 3687 6307
1271 9373
925 5888
1566 5379 5599
2751
882 8043 8154
1028 6201
955 4243
2494 5638
3173
2070
2982 8749
3120
1417 6323
2795 4929 5674
1649 4166 4908 4967
818 3431
833 5346
1636 3891 7072
240 4072
2685 7564
1422 3321
1963 3475 5452
1789 3275 5098 9765
257 6621
1458
1281 8816
632 3615 6117 7721
2945 6253 8985 9584
1643
2045
830 6680
1954 3514
814 5166 6270 6521
3165 4186
3174 3997 4958
584 4577 7559
1990
893 5069
95 4073
2048 5566 8707
1351 5869
2900
1811 7965
2496 3415
978 3300
76 4543
2372
2965 3951 8597
3070 3483 6367 8724
997 5323
113 5186 8479 9610
978 4978 5483
1722 8089
2143 4988
1252 6758
1563
1919 4104
3240 4547
2173 3379
2521 9701
2712 4356 5377 5473
2694 4662
2050 5612
791 3903
30 4305
3067 3487 8475
2849 5071 5567 8898
2495 3728 7472
1905
519
516
2496
2119 4944
3011
803 4173
2672
525 3425 5629 7603 7942
2552 3914 7032
2125 4111 7257
1489
2624
3193
3262 3777
1981 7997
590 3724
1320 6040
111 4312
773
3027 4336
2634 4476 7686
2814 3696 4365
2822 7733
2903 3348 4124 9542
70 3726 7673
129
2933
1760 3741
1897 3538
2537 3607 5863 5891
2155 7694
2420
475
2147
3238 3434
1649 3610
2237 7470
2295 3833 9320 9681
37
3034 7394
2382 6696
2343 4241
2696 4552 6518
2317 3453 4171
60
2340 4107 8029
315 4821 9479 9537
1727 3569 4947
2231 4536
512
1180 5149
1959 4385 6543
1367 9154
157
2654
2930 4873 5756
518 5321
2509 3384 5192 7353
466 5267 7359
2542
761
3310 3736
1429
3025 5104
3160 8314
1776
970 4304
3158 4675 4984
645
1553 6562
182 3467
2871
1000 8221
3091
2452 8732
2913
1267
1751 3556
2307 7704
507 3609 7883
3003 5974
479 5950 7080 9727
2196
698 6102 7122
2623 5997
2904 3769 3915 9532
1079 5636 8958
801 5480
2278 3387 4393
1531 4557
1385 4128
858
3276 5520 8439 9568 9738
2900
516 6014 6155
797 8106
1362
3344
2949 4043
802 4864
3375
1114 4602
2824
2582
1723 5135 8184
840 7430
1176
2174 6267
2924 5193
2270 4706
512
2322
1783
1576 8773
1572 4041
897 4599 9917
1479
1251 7703
965 7719 7979
2325
1017
108 9396
1167 3693
2277 5568 8328
2590 4951 7823
153
1272 6646
2533 3798 7493
3261 6510
2112
1400 9008
2073 3952
363 3521 4364 5159
1764
275 6866
2826 5941
2812
1454
3294 6905
3210
956
880 5797
984 4550
1255 8202
3233 4941 8598 9257
149 8569
619
3321
60 4489 5337 7306
732 5870 8532
1943
3084
1621
2713 9989
2691 4034 8073
1581
722
169
2927 4895 7068 7822 9779
1739 9672
1402 4616 5188 9353
1597 4601 6690
784
2203 4625
2605
2646 9309
3330
3014 7512
351
2435 6809 8539
276 6246
874 4386 8931
35 3554 9945
3182
2522 8179
3170 8474
918 3738 7967
2621 4490 4800 6012 7792
485 4307
2111 4815
3357 3783 5153
3164 3888
1463 4442
971 4782
1434
1538 9968
2006 6063 8076
1404
3239 3497
2524 5538
889
3205 9284
1811 3875 8646
3197 3795 8666 8810
1010 4358
1797 4057 4300 6729 8410
3266 5938 9060
766
2566 4474
2243 3842 9327
3283 4953
1589 9646
859
2184
1660 4996 9318
3047 9038
1988 5422
1219 3659
2473 5230
1357 5436 9505
3475 3694
253 3744 4149 4977 7649
2826 5196 8988 9193
3110 4615
2467 8998
2988 3887 7930
1771
2791 4160 7148
866 7372
1449 3935 8001
3097 3714 4965
2328
1050
2165 4033 6848
2459
1122 4802
318 5556 5621 7328
3249
1645
708 5265 5939
1216 5244 8962
767 3626
2311
3078 6362
3419 8335 9355
518 9880
2401
2817 4056 5942
2883 7953
928
1944 7625
2303 8823
1672
2223
2679
1825 4309
82 7985 8873 9713
537 7405
1374 4274 5824
2572
457 4002
3315 6868
2969 5003
2471
293 4524 4576 9035 9780
1389 5790
1357
637
2013 5827 6016
959
2518 4529
2655
1785 9216
1820 5434
1779 7140 8385
79
167
3459
2004
3364
222 4614 4843
2650 7105 9122
68 4025
2027 4027 4869
2629
1932 4246 5547 6370 6858
470
316 4851 5692 6700
359
2723
427 3605 7064
616 3764 6195
3334 4479 9217
2227
3128 7209
93
1045 4868
1155
2135 6786 8072
228 5906
286 5208
2890
1217
1962 5479 8494
231 3700 8716
1637 4823 5623
2978 3786 5306 9664
1965 4220
670 3835
492 3661 8123
1704 4881 9013
34 5145
3066 6822
618 5635 5871
1439
58 7864
367 4340
2638 4538
2584
2854
2927
1247 4831 7629
2473 7437
3010 3649 9801
3008
1566 8224
98 3954
1472 5578
3567 4727 8047
286 3866
3316 3893 5320 6098
3207 8726 9931
3366 3987 4379 6501
3322 8369
850 3913 7718
2042 4421
1519 5111 5896 9232
996
3244
2435 5378 7060
409 9219
961
1641
1408
1555 4532
131 3773 4556 8178
2968 5976 9735
568 4749
1072 4295 5626
3518 3671 6283
512 4983
1634 3725 5086
472
2622
61
2216
1177
2708
1303 8722
2402
395 5063 8005 8917
2157 7415
548
902 6872
199
1662
2186 3655 7576
633
2310 4926 5249 6665 7597
2014 5024 8080
1809 3985 5733 6874
1412 6305
3600 6555
1639
822
1581
81
360 5347 5962 7775
3643
511 4709
2077 4249
785
3494 5282
2758
3586
986 9484
823
3139 6761
435 7554 8625
2264 4398 7345 9118
1720
2546 8778
1611 6315 6559
355 4713
3626 7555
2602
2649 9044 9468
1991
2519 9243
1757 7357
1165 4205 5297 9441
2925 6974
2340
2191
765
1022 4156 6861 6936
1211 6177
929 6252 6914 9336 9606
2202 7887
2762 9411
3217
809
864 6679
2477
2043
704 5367
3409 4765 5423
3497 6485
830 4957 5093
3308 4477 9461
111
1921 9523
263 4962
3581
1925 4089 4178
206
2990 4739
2024
2248 5502 7018
2433 6344
2607
1582 4715
783 4162 7155 9570
3032 4852
418 8206 8540
2467 6223
719 5042 7907
3507 4158
400 9495
2176 5343
2535 4192 8068 9899
1854 5382
793 7138 7308
533 3938
788 9116
2927
1767 4262 4266
3302 6325
3628
3311 6462 8786
792
3285 3850 8368
2531
1146 3881
1313 3948 9626
2192
1841
2292 3840 4906 5216
2677
3348
2610
3463
2245 5943 7685
1809
3314 9139
1883 3779
869 4131
3498 8993
627 9682
2279 7047
1518 6644
1742 5476 9017
2681 5262 8946 9516
2112
1541 4738
591
2293
1574
2590 4130 6910 7870
421 7588
136 8679
910
3159
3190
2222
962
2200 5689
3568
10
210 4871 7475 9252
1703
2910 5001 9665
3372 9614
544 6432
2557 4720
2987 8278
3622 4985 5448 7526
128 4449 5676 9286
3194 4242
2806
3300 9936
2549 4407
3742
2985 5779 8192 8920 9818
2840
366
3467 6572 9513
86 5928 6536
2415
3583
1126
2113 6777
296 5385
2554
1271
1354
2658
801 5421
3480 5509 5725
2043 6567 8566
701 4836 6351
3414
2868
2076 5720
3178 7223 9164
1582 5522
696
799 5625
503 4351
2689
2540 8751 9755
119 6310
2942 6289
2336 8039 9386
2293 5284
1308 5144
669 4418 4515
2976 3931 6705 7001
1068
59
2433 4244 8497 9144
2749
1812
1072 6772
1764
432 4894 5115
502 4409 4649
1788 7671
2194
2991
2561
2472
3124
2147 7242
1708 7229
577
3324 7902
2108 4899 7412
3585 5052 9466
1747 9688
288
1056 6589
97
3734 5239
1021 5631
3486 5885
520
173 4288
877 4428
2044 8824
833
1554
1068 3898
3728 5431
2820 9091
171 4828
1741 9999
1436 8387
450
2513 6415
2825
209
1415 5966
2755
703 4000 6386
660
697
1275 5151
1115 8134
3606 7801
709 3984 7097 9211
420 4436
1941 5289
1240
2529
1794
1965
2913 4316
3479 4272
3033 9964
478
1241 4341
1821 5646
481 4349 5886
3730 4003 4604
3182 7574
2656
799
1195 6643 8940
441
3502 4499
3468
951 8359
250 4215 7906
3235
2171 6180 6219
3607 5056 5580
229 5398 9499
1783
1895
2569 4182
3849 4306 8884
2625 6106
3030
920
1705 9248
3281
1803 8090
1269 7725
3020 4877
428 4494 4548 9657
1453
317
1893 5500 8092
1983
2513
3611
3295 5652 8119
3372 8319
2680 6604
735 6656
2043 8499
1291 4710 9952
1557
2256 8246
2340
373
2912
961 5260
2295
313
2482 5682
1380
3127 4328
3814 8404
3122 7462
1105 4450
2276 9718
3506 4017
1548 5977
53 4661
3720 7112 9973
1008 8204 8594
2217
2089
688 5189 5350
1609
1171 4890 9541
1244 6688
2786 4914
2875
3731 5993
1994 6347
2386
3265
3418 7268
2294 9112
3603 4465
3184 5002 6988 7865
2465 4733 4886
2612 5324 9335
774 5435
2501 5011
3064 4973
121 4080 4168 7676 7847
2310 9909
3066
1774 5290
1667
939 4670 6213 6392
808 4206 7347 7687
1084 5173 6814 8070
503 4468 5654
2507 5497
413
93
2060 7537
1521
2117
2661
2252 5005
2748 6044 6703
2094
1742 5657 9803
2444 6374
1075 4759
829 6021 7482
3867 4495
3647
454
3609 4103 8054 8149 8444 9105
799 4164
1908 6139 8099
125 4798 5429 8863
337 9408
197 8407
1320 4334
1898 8111
1599 5807 9562
885
3252
1731 4367
1512 4718 7688 7813
3861
2023 6862
3537 5829 7369
3881
688 4282 7787
2005 6065 8182
1220
2472 8422 8907
232 5352 9985
2531
494
1406
2376 4758 9924
1033 4406 6361 8263
1032 9715
2441
2380 5425
3935 4250 6564 6740 8822
1685 7238
1741
693
3091 5851
312
234
3137
3559 6933
400
3560 5257 8700
1373 4200 4778
248
2132 4199
2831 4426
2000 8514
3510 4410 9529
3441 8283
2153 7034
2457 8207
1466
330 4570 9125
460
2355
3401 4453 9006
2271 4354 5023 5505 5605
3385 9201
2429 4751 7693
620 5597 6209
307 4298 4301
2171 8445
33 4466 8650
1564
585
2566 9648
684
476
1595 9100
2331 4571
3524
3482 4502 7802 7999
1536 4816 5714
1155 8970 9371 9833
1745 8729
1453
2691
2122
1247 5785 7101
756
2433 4078 7260 9452
2901 4648
946 4454 4999
928
3209 6735
1630 7058
3236 4934 6304
3256 8736
1345
2506 6355 7763 8374
559 4259
3032 5174 8635 8820
4066 5513
2900 8830
3961 6871 7716
716 4290
2642 4280
708
1675 9959
314 7316
1520 5648 6071
2684
338
3701 4781
1113 5614
969 8605
651
1929
2860 8814
2428 5747
1347
906
3216
1162
3085
2541 6541
354
3987 9873
3274
1264 4157 6218
2566 7165
3332 5798 6482
1605
2736 4968
104
3296 4344
634 5428
620
1207
723 5228 7550 8196
2064 4123 6321
3207 5897
2835 4937 5820 6189
2368
46
1298 7174
560
4116
3310
2143
2004 5884
1139
3377 5310 5371 9489
1244
3755 4388 4686
3743 4589
352
723 5713
458
183 5474
687 5119
2167 5700
3086 4812 4824
1004
2828 7143
1356
3055
2498 8674
591 4586
3126 8999
1601
1866
2941
3498 4456 5542
3177 4247
730
2984 4399
1538 5038 5832 6578
2533 9203
142
3682
4105 7683
3714 6135
613 5793 5845
3504 5464
501
3709 5927
226
3988 6779
1712
3232
1700
3961 6757
726
2435
3330
2223 5171 6986
3292
2159 9690
389
45
2475
3701 4832 7614
2474 5046 8321
1029 4724
3024
3897 7149 7788
1739 7350
1501 6964 7872
813 4195 4530 4808 5255
3251
2805 6097
524 6443 6721
346 6211 9345
2168 4638 5400
577
3717 7806
811
848
4185 8378 8512
1235
850 5821
1147
4030 8486
4028 4204 8704 9184
2411 9406
3196 5302
2926 5197 8457
4200
3677 4554
3967
1544
2681 7796
1870
2564
604
125 9881
2056
2579 6668
3890
813 6835
3021 5634 7094
317
1899
3584 4820 5594
60 6584
1809
127
1050
1063 7581
2680
3135 7566
871 6497
2493 7127
1642
1198
3
3088 7079
621 6534
1201 6992
43
3193 5303
1101
1807
2368 5107 5546
3328 4884
3775
3224 4605 7772
3817
2965
3562 5946
4150 6742
3119 5177 7601
3657
4017 5686
718 7952
500 4653
1904 9117
2054
1453 4560
759 5655 6074
1112 5079
1181
4076 7989 8859
2115
2055
3723 9771
1818
480 4708 4788 5200 6227
2071 5054
3723 7961 8775
1876 5247
322 5816 6010
1248 6751 9786
164 6162
663 5553
3875 5336 5809 7384 7994
667 7695
3535
131 5143
940 7277
2750
26 4345 8458
2161 7249
4082 8165 8807
3168 4760 5375
4004 9082
1263 7111
2246
1148 5004 6480
2138
2740 5194
3844 8322 8531
935 5778
4081 9935
1752
1414
3098 7406 7490
2816 9804
3625
2966 5728 6331
2511 6158 8496
4046 5408
2641 4369 4830 9065
3482 7868 9435
4046 6196 9503
1632
1297
3353 5463 6278
3282
3898
3465 7125 8493
1095
3532
191 5552 7827 8347
113 5588
3304 5109
657 6460 7839
2212 5075
1081 6340 9098 9594
3874 5313
835 4897
1285
2223 4603 9557
739 8340
2244 6319 7180 7893
2726 5220 7586
1863 6336
577 7089
2420 7055 8651
3141
791 5895 7513
3930 5344 8843
153
2739 4753 5506 9486
2279
2365 6675
2763
3993 6547
519 5609 7108
3306 4900 5261
1846
2394
163 4629 4696
3593 6995
3878 7515 7913
1476 4892 7790 8282
371 5982
4111 6766 8684 9587
4278
1864 8478
2118
2443 4611
3880
2490
3805 6101
322
891 7425
4042 6343 6780 7784 8712
2466 8858
3278 4359 7531
1615 7486
3481
4356 5501
1706
835
2899 4460
47 6573 6931
3419
3308
1831
3998 4513 9182
3195
4299 5472
3206 5814
2675 8360
2226 4612
2068
2971 6998
301 6452
1649 5712 9879
2370
731 5241
3609 5387
1690 7971
2113 7517
550 9075
698
354 6406
3338
3458
1333 4811 8556
4130 9185
2903 4837
840 4590
1061 4863
1611
3375
628
2423 5276
1604 5016
409 8019
3666 9425
4152 6168
612
3003 5124 5283 9882
2280 6028 7553
686
592
1509
4013
3778 9708
189 9685
3823
4033 4842 7166
1358
2455 8579
409
2758
149
766 7377
1670
3813 7817
1507
389
3612 4834 5919
1951
2451
2027 6652 7449 9389
2250 5920
4031 8515 9293
2673
3845 7850
1955 7287
1882 8241
2901 4966
2750 4671
2718 4770 5270
1799 4772 8107
1659
3868
2633
1200
1973
96 6921
1021
3469
2058 4862 5706
2562 4600 4938
1399
3131
348 6019
2657 5872
3774 6987
3933 6078
2171 4737
209 6244 6440
4041 4970 6694
4068 5574
2225 7633
4149
1774 5157
1610 4635 8183 9040
1248 5988
4362
1576
1010
672 6815
483 6316
3954
4048 5601
3072
3969 4867 4882 5775
1360
958
1098 5524 6950
715
793 4607 5860
3485
1822 6683
3307
3696 7407
1794
3569 6838
1451 7696
2155
664 6782
1066 4608 6942
1339 8685
923 7303
1627
302 4964
821
3435 6623 9716
3464 5407
754
1005 7931
2503 4791
3907 8003
3984
350
1102 9996
1538 4657 9157
3887 8358 8885 9481
2066
107
4057
2175
3057 5245 9369
974
2098 5776
2418 6000 8169
2598 5704 6073 6411 8965
860 7641
637
69 5026
2379 5844 7978
4367 8790
1437 5514
3813 5628 7551
2448
838
1458
1760 5964
2505
341
2940
653
3541
469 5137
1263 9058
1695
2581 7365
3547 4680
4185 9086
2425 8844
3621 4742
1823
2645 8289
2614 5923 8826
3335 5742
3145
3594
1762 5298 5745 7085
1442 8522
3084
877 9705
3263
1582
1078
149
3275
3907
2596
3429
4 5744
3329
1150
4205
1211
3622 5449 7697
3376 5518
198
687
4255
1607
7
2460 7184
2655 5034
1331 7008
2029
2454 5693
1607 8155
471
4038 5152
4055
546 8862
1216 6495 9760
2811
2709
3541
3253 5780 6234 6917
2706
2481 6341
1980
2528 4731
2951 4697
2166
1759 6438
168 4849
4144 6384
1740
106 7388 8332
4131 4775 7579 8416
4390
990 4993
48 5956 8351
3134
2724 9549
790
3000 8135
2658 7882
2937 5833 8299
3402 5233 7471
4444
3448 7523
3388
4319
3881
4243
2105 5658
4473 5417
4483
1521 7812 9113 9524
2106 6695
4348
4372
2980 4721 7167
3557 8139
3500
3447
2556
154 5722 7547
534
3114
811 4945
1140
450
1391 5932 7046 7701
3450 8725
2269
2866 6912 7289 8170
1364
4339 9233 9311
3159
561
1135
246
394
4458 5100
2104
1863
4190 9790
169
2288 6256 7477 9768
271
3047 6286 9908
320 4840
1658
2620
1303 7004
1275
4067
3823
1291 6420
2004
858 5037
4252 8561
1068 4818
375
1449 6710
4498 4678 6368 9630
827
2847 5074
1221 8311
3937 5354 5741
3279 7680
2570
557 5133
915
2594 6008
1183 6882
2082 8260
2678 6264 7448 7856
3966 9887
4432
998
1188
1573
3354
1831 6140 8733
2259
4657
1717
4529
2050 8815
1051
2223 5685
1290
1071 5835
4130 8643
1045 5699
183 5386
2609 6790
819
884 7038
726
137 9942
848 9871
301 5223 5531
4339
4582
1330 6924
1039
1090
1352 7396
2771 8770
2795 8682 9508
516 5051
1759
3396 7845
209
4264
3656 5454 8000
3919 7727
2634
1907 5606 6650
3670 7028
1606 5755 8771
3708 6681
1208 8062
1791 7881 9510
3999 8411
2918 7183
3771
4613 5641 9061
1100 5677
2680 5477
4180 5097 5902
2428 4786 7342
525
3605
1904
2454
3172 5333
4581
1119 8529
3956
1654
2140 7224 7996
840 6170
4451 5339
3751
3703
1244
1043
4532
2315 9870
1248
947
1954 4915
2962
967
3624 6527
1600 5912
4044
1707 8121
4330 6279
441 6810
259 5066 5487
2424 6166
173 5092
4012 6617 7228
3982
4281 9580
1466
2819 5087
1857 9319
1227
3693 5608
1618
446
325
734
4433 7007 7153
58 9921
4434 5881
494 8315
116 5164
4589
2677
1531
4028
1142
1787 5409 7456
4089
3470
633
584
2692 9379
4725
2142
4264
642
143
4493 6785
2088
558 5275 7341
984 8636
152 5532 6475
2269
1081
3990
2024 4954
3464
753 5437 7465
3512 6488 9749
844
381
1777 7329
2883
1431
4185 5176
7 4814
303 5021 7606
4387
4138
126
4809
3466 8621
4058 7495
2160 7427
4654
3093 8118 8918
4220
3333
2668
3582 7334
4138
738 8943
2800
436
3852 8925
2721 5959
4299 6414
3598 6277
4178
2787
4421 6248
896
3797 5754
4389 6138 8710 9668
2181 5735
1370
4643
478 5523
4410 7505
3557
280 5613
32
938 7246 8658
2885 6428
2570
4585
3090
3564 5351 9454
3710
1527
1225
525 6883 6884
2404 8473
1354 5227
721
465
2432
1340
4443
4391 7909
3386 5581 6075 6257
1570
1662 7955
4468
3573
3560
976 6516
3766 7714
2592 7646
3342 6167
2158 6585
262
1329
3906 7233
2654
1485
1982 5372
3587
4468
1033
4241 5082
1238 5325
3956
1148 6870 8380
3031
1536 5102 7466 8587
3944
3070 8428
4342
1810
3822 9868
3445 5413
2668 5830 6560
4317 6067 7123
450 7593
3834
4336
681 5353
1661 6301
2969
575
1962 7273
3734
3123 7382
3232
2035 5865
966 6922 8244 9848
581 6990
3184
980
3946
4746
1256 9374
2608
59 5788 5887 8483
1579
3209 6287
1484
2168 5309
2611
1301
697
3645
2262
2118 5414
3231
245 9305
2074
735 6358 8292
1851 6357 9698
4072
1691 6640 9602
906 5363 8116 9310
4118
4444 7285
845
1739 8448
3431 6318
1176
490 5925 9798
3290 5818 8578
4621
1993 8699
3334
1316 5068 7380
1145 9045
1434 9240
3411
2703
3487
4799
1533 6072
2108 8713
3695 6855 9859
3252 6175
2401 6831
3074 9855
1551
3699 6423
1958 5672 6653 8145
4487
3507 5995 8222
4431
3232 5110
4109
3035
4453
341
628 5060 8570
3960 9448 9535
316
3146
1006
3498
3269
1579 9678
82 5889 7665 9769
2587 8344
784
3627 9612
3354 6638 6689
3773 6940
1468 6840 8189 8349
2
3271
3016
3049
2268 5426
2407 6285
4591
353 5922 9349
162 7084
3491
724
831 6292 8950
4068
1405
3768
3955
3539 6303
4285
3977
343 5769 8296
2185
1711
318 5116
403 6894 6966 9446
3959
2630
2863 7244 8794
320 6568
51 6629 9543
4396
2886
1912
2021
2918
4810
2575 9183
4042
3646 7114
2310
4511
3090 7541
1747 5442
1053
2927 9906
3000 9005 9729
417
1971 9539
4564
529 9019
1468
4652 9215
4153
2069 5095 5766
1571
1811
3713
1153 6712
2115
139 9391
4179
487
912 7514 9351
2836
1607 7340
4704 7355 8744
3835
2265
4265
243 5849 9858
3893 6360
1669
1295
2962 7662 8664
4972 8362
731 7816 9846
2761 5680 6512 7841
3637
559
620
4755
2429 7532
4948
3255 6888
2065 8066
3284
2775 7731
2597 6042
4659
4314
2407 9167
643 6514 8902 9023 9306
567 7067 9380
4257 5240 7120
153 5390
832 7290
4884
2876
2375 9297
78 5587
3628 5308
4762 7780 7962
1388
1399
491 7656
1136 5560 6027 7188
4757 5338
3695
1399 8669
5039 6539
2640 8195
4724 8501
3240
565
4635
1723 5879 6051 6976
4889
258 5155
3350
3157 5481
1297 6813 8764
4240 6832 9472
1530 5768 9081
4312
4967 8850
3613 8104
1413
534 7029
851
3822
5009 6919 7511
1127 5862
1981
4136 6947
1439 9600
1566
1802
1353 9463
4401 6451 8932
374
2920 8592
588
2060 7281
1760
2091
2469 8079 9329 9403
392 6523
4664 7171
1522 5341
3391 7590
2463
4525 7455
2543 8275 9473
2204 8398
952 7278 9015
1120 6418
2295
4275 8137
3812 5795 6457
3588
1688
729
2532
3337 8939
2757 8306
3864 5783
4570
3467
1003
5103
1936
4457
399 5406
3419 8163
968 9984
1014 7935
1275 5394
2523 6275
4774 6119
2596
3250
98
2501
2918 6245
1227
4172
3069 6363
3968
4077 8502
2035 6197 9731
4808 9841
4248
1257
489
932
501 6904
2969
2809
1237
816 7090
3268
824 9094 9794
3447
3942
2831
1609
3344
3395
4287
1124
3499
4203
848 6752
2843
4264
657 6235
2666 5521
1866
155
2739
268
1288
3577
538
1232 6092 7844 8455
1065
1871
427 7234 9915
739 5369
2531 7524
3734 5340
2419 9577
2766 5575
375 8238
4322
2855
2663 5453 8601 9569
4695 5882 6366 7400
534
885 7434
1662
4857
4115
2519 6356 6456
3495
336 7496
3216
4599 5813 5963 7450
817 8488
2365
1519 7296
567 6104 9916
862
3840
5079 8818
4378 9743
668 7142
1845 5815
3517 7706
4504
662
4267 5356
3170 8555
3645 9597
1977
72 5573
867
6 9625
2863
4185
2916 8223
4027 8128
2433 7885
716
3925
4336 6569
3749
345 9366
1954
3516 9071
1146
3345 5681
1282
2975
4433
2987
2634
2597 6093 9151
2680 7660
4793
4395 9988
1871
2045 5345
232
3056 6522 7117
191
3659
4401
3811 6050
3131
2146 7240
2021
2914 8002 8980
3869
3964 7351
1032 5361 6193
1250
1292 5708
1176 6837 6879 9300 9475
343 9267
1626 5662
3677
4539
834
753
2329 8933
4202
4237
1267
1662
3583 8323
275 8350
5086 8467 9419
4922 9231
4128 6795 7968
1271 5996 7049
257 6276 6981
4316 8952 9294
2118 9442
1793
2110
2181 6094
1410
1946
3607
3343
1262
3267
3957 7005
4885 7911
828 7321
3144 8882
1469
1760 9533
2791 7452
997
1845 8525
4730
2414
2680 5971
4272
3435
5092
4737 7776
5216 6969
5134
3211
3716 7009 8828
4328 6581 9470
5278 5705 8316
3234 7041
3654 7253 7392
3043
1417
3942 8960
4851
4008
4901
4661
2854
5247 5764
1519
212 6553 6593
662 5529 6628
1153 9026 9123 9621
5291
2741 7208
4936
262
135 5904
658
3692
2354
5214
1644 6709
4128
4880 7548 8082
559
2829
4281
134 6205
3278 5803
3616 9934
3220
961 7573
676
3718 6086 7652
2516
2693 7398
3789 7898
4688
4379
246 9699
850
5080
316
1730
1815 7739
5162
2561 5494 5593 7910
1831
1204 9654
3894
2735 6597 7835
4190
1592 7544 9553
340 8697
2049
3159
85
5158
4490 8100 9571
4298 5604
4780 5666
371
2996
1026
4895
4928
2499
186 7607 7991
4607 7678 9913
2013 5926
179 7726 9802
595 6249 6672
3794 5519
3493
3693
594
4016
4991 8440 8446 9620
2407
4112
3990 6454 9103
1802
3850
2394 7197 9049
567 9202
3550
3958 5489 9560 9637
3496 7391
4801 7106
3023
2763
581 5907
2065
5028
590
2969
2406
9 9221
388
3773
4556 8147
2753 8077
421 8608
3239
5222
4709
2018 9062
1330
55 8951
3088 5801 5970 7765
1932
1869 6013 6026
2800 9651
2888 7092
4304 5670
4160
1109
1917 6387
1586
2018
511 8258
90
993 6127
4369 6508 8584
3278 9278
4135
2612
3748 6317
4723 8518
1322 6918
3580
3374
5105
283 8681
3269 7608
2038
2381
892 6149
4755
451 5717
5435
13
2917
2230
133 7103
5395 5645
1685 6743 8045
2818
3970 6176
1753 6900 9939
2374 8355
3910
4359
3705 6025
2812
2407 9089
4042 5684
4330 5598
626 7973
2994
3795
2742
1793
1650 8784
4078
4514
1556
1496 6222
2220
4557
5421
3379 9414
5202
3802 5911 7076
4841
4471
3045
924
337
3158 6783
5359 5583
6 7198
4695 6031 7294
4795
1696
2987 6648
209
18 8056
2211
3476 5582 7030 8366
2945 5671
1762
2339
4149
1956 6259 7748
1930
2665
4240 5858 8667
3562
376 6121
2290
465 9823
1559
4310 9721
4271
1087 5980 9633
426
3513 6365 6421 6434
2684
938
2094 6590
5091
2729
2393
2397 6577
1208
3202
3257
3284
3410
1316 5619 7286
607
2282
1726
5251
4454 6817
5218
2534
1879
3604 8835
1189
3893 7568 8881 9014
4864 6142 6535 9741
5538
5529 9994
2709 8487
2815 9197
1872 5918 6601
5085 8888
4311
2999 7387
246
2170
275
5395 8916
4220
1126
2776
4045 6334
5506
3220 6953
2727
4466
787
1313
5408
4042 9736
4712 9693
1260
4765
4335
130
2748 6489
3280
4844 6977 7605 7740
4090 9667
2536
389
897
985
5569 9364
3103
3513
505
3582 6774 9047
2742 9522
3804
3625 6715
2477 7836
4515
3294 9653
2790 5853
3841
2399 6298 7799
2648
4217
3590
3373
397
3225
226 6179
1118 8217
4721
3083 6755
923
2907
5494 6962
3879
1092
4086
1202
2657
872
3914 7963
974
3969
4256
2420
3980 5738 6161
4606 6731 8465
2135
753
990 7202
5296
1524
2775
1233
5409
925
2558
853
5463 5958 6029 9810
5539
4963
1742 7358
3231 7023
441
3774
4722
961
1438 5743 8095
5062
5267
3928 7126
2182
5505
4683
4250 9029 9730
286 6058 6396
717
3763 9359
2241 7078 8213 9370
1177
3564
4567
1177
764
2501 8708
2417
1292 7529
4687 6059
4137
1055
1731 6408
1521 6627
4508
5345 8632
4443
1648
5293
2659 7017
2216
2679
4376 9997
4133
4058 6237
2564
280 6009
5488
882
2535
3800 5986
3210
4618
1425 6080
704
3795
3027 5767
2416
4296
2705 8622
594
451 9405
1007
3647 6282
599
4838
2671 5791
1152
5657
2768
709 6081 8796
4661 6018 7661
4536 8105 8435
5679
4551
4539 5883 9632
655 6781
4095 7522 8755
1390
1391 6800
3136 9431
561
1913
3168 9155
4836
4714 8010
3342 6329 9710
10
1146
2440
2133
317
1437
762
5356
1608
5039 6409
5726
5108 8513
5006
1634
3077
1658 7293
1708 7343
1851
4468
4506 9645
499
4289
3780 6378
4577 6053
652 8503 8671 8856
1041
5151
2978 7627
4064 6066
1831
3214
4918
1963
3542 6226
5736 6973
2690 6469
4159 6825
2632 7712
5144 7173
2538 7227
3428 8389
4107
2602
617 6616 8337
5458
1704
5377 8232 8265
905
1090 7031
1341 7262
3995 6787
3126
4272
2586 9068
2136 8186
3167
5233 7886
4370
5243 8687
4268 6288
1866 7956
4944
2351
4118
4197 8895
1697 7759
3004
3535
1246
2704 7237 7422 8266
3545 7254
2341 7248
4002 6549
4896 8783
884
4153 7071 8025
4598 8256
271
4685
1876 8981
358 8864 9832
855
1103
1103
901
1853 6005
187 6592 8490
4512
4159 6916 9884
2326 6657 6978
1445 9012
2433 7056
5055 6185 6635
2376 7903
4021 7439
1176
5630
2196
1662 8024
964 8046 8645 9565
981
5546
2805 7066 9273
4473 6473
1707
5117
3316
2697
4909 8791
1130
138 9778
1213 9226 9372
3258
3436 5990
3590
4448
3174
640 8765
2823
2638 6531
1044
2109
5101 6496
24
4772
5223 6830
5745
4126 6678
3842
3880
4918 9927
3219
4980
1798 7476 9020
3316
786
2927 7093
2174
4327
3613 8144
4117
1386 7891
625 6909
2227
1670 7247
4724
1673
5365 9159
2452
3576
5440
1259
1606
3027
5522
4750 5947
1720
846
1091 6792
1459
1840 8168 8454
5586 6958
4421
4425 8038 9428
2815 7638
4994 7438
4535 7747
1273 8343
4943
5418
4162 6551
3784
2362
1474
2995
4624
1661 7774
1323 8356
3084
2987 6129
1455
3483
3516 7468
220 6890
3422 6684
3524
3739
1173 8827
1543
4246
5912
988
464
3368 9949
265
651
3202 7981
1753 8233
78
4592
3118
5670
4829 7837
891
1514 7807
3654
5233 6486
4519
583 7912 9482
3859
1978
1708
1231 9746
5458
5335
116
2169 7663 9328
3367 6791
2715 7045
3623
3936
531
2548
5554 6965
650 9649
4343 9703
2892
1139
235 6744
5720
1324
4459
1305 7297
5870 9579
630 9417
891
3948
1480 6297 9376
4965
5311
3371
2689 8249
643 6108
4507
2638
193 8148 9443
1711 8129
2481
5842
146 6834
1604 7095
4666
5716
4268 8723
673 8600
3464
5460 6039 7419
3381 7461
1135 9658
3545
1850
5741
4447 6624 8425
1442 7104
3983 7666
1989 9826
1514
735
5502
5460 7843
5091
4402
5670
821 7632
5531
1418 7292
3079 7333
1001
3033
1000 8234
3186
2950 8549
6013
3303 7615 8044
1145
5073
24
3978
2411
1027
268 6280
3084
1500
5284
5101 6493
1325 7983
5780
1329 7995
2306 9250
3109
3076 6985
5687
5699
2581 7924
865 8211
945
3473
924 8466
4005
5785
4897 9787
2666 7163
1247 9168
2956 6076 6611
4086
4955
4508 6952
4256 6797
4864
6070
2647
4450
2311 7768 8126
5723 6673
5740 7040 9521
2360 9992
2031
2814
2137 7508 9623
5382
158 6152 6377 8214
495
174 7243
287
957 7069
5210
5273
5317
659 7546
651 9455
4187
3607 8831
1404 8813
458 7919
4351
3370
2576
5237 8269
1479
3899 6608
1338
5999
1133 8678
2395
3139
1610
1829
1923
380
1733
3244
1214
5164
398
5548
1022 10000
75 9820
2191 7230
711
2865
5471 7115 7368
2421
5936 8959
2953
2367 6982 7764
7
1553
2457
4158
643 8520
623
4837 6459
3989
4676
2485
5581
2570
133
1506
3058 9896
738
3136 7307 7855
5486 6348
1438
1015 8415
6087
1871 7137
91
3381 9313 9640
2239 8516
1936
4297
1481
2925
5657
4270
780
3214 8093
1837 8767
4756 9037
4873
4399
2793
4736
3009
1673 6891 7113
680
79
4958
5497
3683
711 6587 7033 7645
5639 7829
3892
1283
303 8191
3208 8602
2259
5849
1029
2398
2437
4118 8051
394
2003 7146
1825
5291
1360 9961
3568
4301
5175
560
1017 7943
1651
3223 9108
1088
1989 7312
2109
5376
1522
2722
1052
4045
1052
4189
460 8430
3966
2508 8291
1071 7569
2660
1722 8541
4105 6403
3892 7170
1381 9956
2766
5516
3712
2437 9072
397
5790 6299
4264
288
1833
1904
1774
329 9410
828
4577
5201 6254
550
5714
568 7558
1112 6707
784 7811
934 6296 6609
1725
664
4452
5169
3457 7503 8524
1175
4834 6839
5420
1888
348 9264
3684 7658
3245 9199
6235
1023
4640
4864
1489
5543
2839
2845
226 7832 8285 9418
1053 8036
4669
677 9160
2542
3394
983 6764
3176
3250 9901
1114
653
426
1712
5163 6748
5312 8759
4831
4304 9937
4753
6047
1323 6828 8449
5733
3626
796
4992
4642
4920
5816 9027
3809
614
2775 9415
4998 8451
417
1484
3151 6860
6241
5994 6332
5632
6226 7990
432
4902 7421 7459 8756
249 6876
5003
4072 7618
3648
2808
3217
498
1347
3808 9609
300
1270
1447
2054
3669
4464
5476
4941
4321 7933 9659
473 7707 8580
4116
1213
3230
485 6487
3724
3146
2404 9712
3109 7272
5756
2337
4296
6297 8576
420
5597 7602
404 8508
4323 9041
154
570 7383 9662
1615
4315
4579 6575 9661
2203 9179
4354
3706
2773
1355
3949 9174 9444
6149
1541 7904 8057
1891
3797
790
1606
2723
4075
5229 8928
4933 6898
4932
2565 7510 7892 8668
5056
4013
3520
5172 6959 8785
2111
5556
5223
3266
4657
2105 7849
3562
87
1736
1389
3981 6754
2354
3153
6087 6666
5779
2947
3040
849 6615
3078
490
4586
1100 9458
3861 8735
5466
1660
2041
149 6557
504
3966 8581
1836
2572 6600
2531
5687
834
1240
1572 6911 8423
2359
791 9063
3051
6218
1866
2302 7010
4384 7878
452
5702
5766 6845
1356 6513
4508
752 7745
2523 8562
4830 9596
3856
1974
1907
5141 6996
1325 7159
4650
5556
1544
4962
280
1362
2460
477
4847 6654 7204 7271 9287
1191
1261
1795 8937
3770
525
5556 8017
3175
1979
1111 8312
4584
1782
4452 8714
414 7151
173
4188
3
2885
649
633 8101
913
861
599
5124 8949
4375
2421
5429 6622
3061
5229
5144
1636 8693
6138
4313
743
3726
2816
760
1815 9016
789
2464 6717 6930
542 6925
5792
1717 9464
2137
3051 8788
5860 7211
3
4795 7429
3193
2374
2310 7621 8852
1345
4285
2138
4107 6971
2510
1332
3694 6661
5963
6324
4802 7609
5611 9932
379
914
299 6773 6937 7507
6051 8424
245
4573
5879
4228 6827
43 6842
3215
2071
3609 6938 8590
2697
675
2446
206
1127 8400 8420
667 6596
5472
2793
3415
2327
5062
6410
5077 7280
1249
4870
2609
3329
822 6769 8227
593
3250 9299
5280
5132
1353
3027 6614 9953
98
4749
464
3160
147
5876
116 9933
1089
4234
5581
3784
1048
1074 9178
5095 7441 8944
1324
4101
559 6823
3338 9042
721
2905 7556
1964
4334
2980
5829
3212
5927
108 8141
5358
2294
3649
2476
6390
1807
3669
4896 6659
1734
3356
1737 7828
4017 6641 8142
2206
574
3796
5014
5261
1102
377 6993 8063
3783
4363 6913
1602
6341 7310 7754
1615
5563
4153
1757
2584 8300 8727
5344 8915
2679
2727
4221 7000
4874
3106
6178
2102
3838 8975
5559
914
5843
5358
24 6857 7379
3161 7446
6507
5399
738
2211
6394 6756 7109
5586
941 8197
786
3916 7831
680 8276 8548
2488 7133
1089 7401
6106
6241
469
6070
2514 9433 9436
930
6525
6381
5800
4758
551
1224
1741 8288
3241
6454
4489
6019
2638 7205
1497
5703
5359 6875 7715
5015
1904
1456
2041
1033 7815
1059 6765 6843
5849 9346
1910 8216
589 7168
4984
1633 7336
4935
6564
1507
3885
3747
348 7535
3413 8840
3152
5534
282 6893
4712
1553 6961
4424
4963 6939
6428
350
3917
5846 8353
892 6983 7077
6560
1
6485
1489 8571
2230 7118
333
3645 6670
6377
2274 7194
4214 7585
2
6665
95
5420
6080
1582
4332
326
1040 8620
5884
3689 7980 9260
3248
4715
2027
4475 7162 8763
5941 6994
459 7301
2050
248
3945 7736 8150
4984 8842
3448
402
2190 7311
863
4453
4610
3327
2793
1377 9412
2382
3564
2 7360 9684
1022
3978
1897 7169 8604
3814
134 8737
6239 8748
642
5370 7467 7738
4656
854
5043
2494
2605
5626
74
6467
1971 7805
2829 9586
336
4188
1643
2507
1562
1854
1907
1261
2711 9897
3482 7070 7561
2121
5658
2086 6794
3097
102
4070 8865
3160
1498
1025
423
4017
2422
4247
5495
5985
468
502
2009 7591
6275
944
1712
4269
5198 8094 8609
2006
6374
5642
6600
4168
3272
2765
1572 8236
3664
2675
923
6268
6634
4344
1010
1295
6519
1674 7932 8838
118
3820
6492 9291
5623 9604
2312
389
3788 9093
2653
4164
4354 7617
5746 8577 9333
4482
5528
2226
4791 9101
3575
5807 7086 7158
1363 7432
2101
4689
5974 8061
5915 7896
220
6732
5310 9341
1856
6074
1820
1650
5749
2330
909
1025 7288
2710
2032
1545
1397
176
3456 7373 9292
4754
928
1843 7196
5106
3968 7818 9268
4463
65
5574 7443
2276
3208
799
2165
3589
6542 6824
6823
5793
867 7219
6497
6281 7691
2932
5882
4959 9451
5107
1397
6006
4216 7767 9617 9782
153
5294
4479
6248
4986 8776
1847
6498
6634
2339
6409 9385
34
2258
3510 9540
1463
44
1257
1371
455
2931
4957
145
6594
3562
1837
6295
3682 9585
4001
462 8766
1087 8589
618
3421 7145 9998
1851
3538
1524 8053 9719
4887
4080
3640
2642
3647 8618 9266
6628
6302 8706
1061 7019
2560
5294
743
558
4667
4855
4855
2289
1675
1275
5069
469
5940
6172 7894
2944
6649
5010
1146
1747
2726
6357 7226 9986
2888
5498
2116
484
2996
5181 9793
3425
1065 7414
1743 7035
3089 7489
5899
3755 9449
6399
4627
6573
3684
1415
5845
4577
5478
5116
2859 9056 9064
4440
4910
3124
4698
6468 7464 9191
2378 9758
2461 7487
2946
1177
6467 8225
4363 7700
1088
4025 7877
588 8215
1535
3682
6492
6501 7424
6653
4985
143 9905
4483
2316
2027
488
2945
5119
1935
2251
4471
153
6073
5599
1776
203 7642
2328
1581 7859
5918
6363
121 8603
6651
5645
2916 8851
4184
5980
5010
1981
1590
5340 9073
3082
6482 9865
1492
5791
3678 9619
3127 7684
5101 6991 7037
5613 6997
5846
2773 9225
2509 9761
5312
6131
6658
2432
6057 7918
4172
4449 8352
3955
2979
4911
6976 7276
4235 8719
6571 7043 7305
6684 8156
4340
6418 7044 7147
6977
4374
183
6584
3814
1477
1319 7937
4646
5324
1569
4770 8295
4565
5343 9928
6405
946 9427
3009 8409
3203 7492
470
596
1159
5709
3705
6877 8286
2873
711 9028
1832 8414
5674 8809
2750 7193 9775
301
1902 8793
2980 8463
4713
5113
5538
5805
3295 8876 9599
6178
4035
6907 9500
2384 8945
6976 8138 9430
4691
2227 7528
6081
5346
320 9348
6993
6996
5975
4624
3746
1327
5311
1476
781 7499 7863
1774
2863
396
4325 8462
5848
1820 9900
4071
2706 7589
3616
828
82 7941
2528
3567
2588 7794
5859
5078 7987 8747
3445 8583
6091
6729 8802
5832 9083
3235
2338 8270
1479
992 7210 8892
5522
6658
5690
4233
3368 8799
494 7675
2738
2111 7976
4995
4539
6787
2355 9819
454
4324 9124
5185 7600 9677
2303
5462
5893
4217
6007
67 9972
3867
696
1929
449 8660
4064
1348
5493
6020
3558 7259
5437
508
4335
6600
1344
4283 8607
3938 7381 9669
6172
5024
6127
2793
5280
6663
2180
5079 7331
2280
3370
4897
3209
4307
5682 7873
4229
1289
2175
791 7480
2268
2845
6606
139
2665
290 7176
6153 7879
3719
2584 8432 9308
3551
2375
5242
4140
202
6866
6191
6996
3504
4182
2947
6441 7192
2069
4770
1629
3709
3084
301
6787
6419
2777
2332
6683 9450
6068
1263
4106
4410
4613
6637
6704
6219
5133
284 7709
5795
4121 7657
2975
7136
1016
2938
898
4321
2107 7916
2846
4719 8485
4563 9456 9925
1607
1153 8893
316
5091 8468
1139
1228
285
7151 7206
7024
6667
1198 9198
6812 7890
5432
5530
2607
1409 8254
1002 7947
5661 9204
1418
6428 8208
6625
7192 9150
502
5362
3571
7075 8442
6473 8390
3122 8688
2641
753
84 7647
427
494 7534
837
6826
253
1925
570
3801
4735 8297
2291
6898
5796
4758
3831
6124
750
2298
4877
5213
815 8042
1258
5826 7402
4018
1787
5286
2372
3830
6089
5013
688 9598
4846
5901 7500
5828
4279
1760
2923 8317 8336
2542
5347
5827
179
1757 7749 7951
3296
2987
7105 9187
4066
320
5806
2206 8913 9175
549
1754 7624
55
2314
3952
1070
423
6428
6328 7542
4905
740
1434
6991
4276
5140
2361
6514 9447
5128
1568
930
2482
4938
5569 9963
4429
6803
4627 8201
5081 8923
1829 8393
6032
5772
5531
186
5236 9235
5989
3075
976 8742 9509
977
6685
2743
4485 7504
817
6993
3435 8262 9951
6148
3719 7395 7862
2088
6575
6692
6203
2969
326
621
4085
815
3133 8461 9558
952
1992
5326
355 9512
824
971 8074
231
251 7538 8081
1516
3513
4805
101
7120 7583 7623
2584
6033
4823 9332
1273
6639
3113 9088
69
1035
5050 8665
4793 9675
4725
5773
777 9169
3666 9109
1661
3967
277
1081
4183 8243
5290
2086 8391
3344
597
5051
2218 7397
3676
5673
3345 9723
6701
1700
1691
3180 9413
109
4528
1790 7797
1037
6127
4002
2662
503
3505
6809 8396
508 9213
1803
267 7668
4416
1042
6594 9350
4948
7112
4907
6338
4272
2827
2220 7536
5589
4588
1963 8055
1879 9759
5436
5347
63
3326
7308 9393
4701
7356 7543
5384
2668
5223
6607
7237 8251
2458
71
3534
4293
4477
485
70
2960
1168 8133
3834
361
6906 7970
3638
100
2299
2997
6013
1749
6301 8989
5826
220
6938
4353
1383
4817
1525
6475
3392
2248
6788
906
5225 8800
1749 9004
3152
3599
5922
5851
1600
6539
1255 8459
6817
668
687
6595
1510
4669
4424
5233
2783
5330
922
2049
5137
4780
2358 9886
1310
6301
938 8438
6014
3932
1709 9046
6925
4801
4889 7954
6709
5939
174
3323
4599 8193
3285
2957
1710
3766
5890 7677
4640
3040
2471 8758
7130
3190
3983
2285 9643
1621
1303
4357
6927
1032
6908
4293
587
7013
3414
624 9127
4816
5231
1898 8364
1385 7934
7051 7826
7247 7871
2719
1676
6246
7303
4842 8924
553
6492
6085
2346
6359
5116 8470
3454
4327 7560 8558
5048
4341
1020
4381 8624
2431
2942 8194
1857
1815 8991 9009
5747
4601 9506 9827
5215
2745
3773
3173
7039
5698
1616
4356
5067
411 8304
7217
6645 8537
7386 8239 8330
3973
7326
2678 7610
2778 8160
5027
7272
7397 8903 9283
5401
1366
6095
4618
5372
1725
4115
4515
2655
4402 9635
3665 8158
3671
6545 8745
2642
6238
3253
7513
6729
2340
1337
3237
546
4227 8640
2292
5580
6215
1455
2494
3019
5380 7820
3882 8878
452
3643
708
192
4589
1276 9504
4225
1167
7331
955 8342
6668
4322
2287
3756
7059
5135 8348
6747
65
4898
12 8615
738
1509
3645
1277
1102 9324
7090
4248
6334
3294
1574
5613
4810
5416
5483
6488
7539
2806
790 8248
2230
4178
6040
1454
6780
6304
2165
943
6478 8086
1163 9947
7331
7265 9834
3527
2968
5784 8552
302
3598 9316
2629
1316
6030
4455 9323
679
1209 9938
2398
1711
5921
720
2590 7722 9498
4509
6955
1441
783
6178
4872
7215 8033
2678 7992
3498
86
1583
5382 7750
3066
2383 8846
3175
5090
7174
6252
2862
5274
5741
5059 9958
5973
2854
4980 8797
6021
1440
7376 9172
1785
286
3824 9878
2944
3311
1267
7081
3961
7476 8166
5417
1031 8922 9404
4662
2212
282
4157
6975
3739 8023
3307
3967 8616
3999
2665
989
6828
1255
4044
3317
4273
4480
4556
2451
3143 8772
6931
4624
916 9595
3404 9805
3365
2964 7779 8795
5244
6320
915
7172 8973
2637 8812
1486
5794
564 8982
4871
6628
4080
900
3611
3405 9607
2834 8839
3244
7640
1412 9304
1462
3905
5419
4710
1647
29
2726
5072
1439
3309
1133
995 9485
6688
2717
6709
5393 8383
5613
251
1942 9777
2585
1449
6412
1104 9903
5923
5543
7256
7652
2238 8406
844
2027
6575 9514
2
1226
973 9483
310
5822 8654
987
2571
1121
4075 9979
6131
5458
2245
6835 8373
6079
2727
2686 8752
2129
4243 8690
1280
5933
3654
5339
1343
535
7705
5087
724
2113 7972 8901
2506
4354
1739
2935
4004
4182
2567
4342 8078
2237
3464
2054
7065
573
4208
7366
524
5632
723
3866 8974
4057
1770
2396 8762
6718
4192
5961
1615
1282 8084
65
6240
4609
3999
1748
6633
5061 9421 9613
4418
6814 9375 9702
2793 8565
7573 9527
2625
3445
3411
2554 9465
1778
7499
4310 8341
6563 9237
6179
2313
6604
6262 8307
1294 8287
180
5399
5627 9462
5959
2992 9156
4313
2454 8245
5062
2917
6026
5210
4706
3060
3961
605 9573
6369
4428 9592
3120
1999
376
2834 9501
6148
4669
539
1395
6957 8517
1425
421
7308 8419
7051 9059
3592
3955
1098
564 9358
4300
1143
3755
7500
4184
7126 9222
2934 8476
33
2402
6933
6406
7137
2139
4717 9129
4597
3366 8261 9422
725
5258
5813
3685
785
463
7196
5898
6359 9024
4321 9726
6891 8188
2290
6792 8096
2142
5385
250
2626 9207 9325
1532
3833
5850
6349
783 8701
3890
3713 9099
2830
4863
5395
5325
5965
4341 8926
1813
3047
7181
1246
6985
6100
426
2346
45
1628 8676 9140
6060
1080 9969
2456
1801 8705
3064
790
3502 8808
4492 9281
6770 8591
6319
7498
5161
2627
7003
2817
333
862
7062
3294
6199
1746 9210
1844
745
7201
640
1615
1478
7256
4251
3525
7466
4866
5817 8109
1738
156
1018
913
4266
5087
5652
3055
3260 8967
1145
3463
5310 9383
1765
7414 8964
4380
7782
5507 9797
2454
1845
7083
2610 9792
4512
3405
6679 9234
5953
1381
6052
2667
3533
1839 7993
7067 7988 8961
7987 8075 9002
4259
6299
5416
7648
7986 8900
4272 8546
6054
4735
3301
2261
4057
4709
3506
5288
4494
1629 8644
3637
2092
1485
1545
2669
5755
310
597
1591
1039
380
3021
6434
650 8326
4397
1914
324
1452 9363
7685
5855
5832 9825
3174
817
1424
3332
2987
2657
2849
7647
2930
908
6263 8956
3159
5920 8694
3810
3019
2436
7235
3222
6040
5495
5856
3605
2914 8869
826
917
6189
1325
6869
3987
7389
5536 8717
6349
394
3143 9494
1047
6791
4716
6571
2506 8426
1672
5070
3043
3717 9390
2694
3968 9733
3096 9050 9756
3575
3441
7324 8498 9195
7988
3473
5450
7790
5131
3646
7326
5372
1187
7809
875
7621
2603 8450
1800
3270 8638
3904
2303
3910
6164 8626
6752
5679 9356
7896
1210
1933
3989 8661
5407
6447
2199
610
5111
5742
3382
4434
2517
7956
2820
3994
2434 9119
2438
3190 8718
927
4936
1731
4819
3914
795
4752
1516
3586 9849
1985
119
6079 9251
2840 8481
5257
6003
1130
2708
223 9274
7411
3865
4596
1863
5143
7037
4614
1747 8777
6552
6564
2179 8585
5896
4963
659
5449
6002
3987
6688
1062 9639
1644
3043
3222 9337
4568
6994
899
7554 8357
2317
7540
2413
1217 9092 9766
5159
1196
4280
7677
1810 9085
5917
4507
4627
2995
126
585 8200
2485
2981
2117
2585
3622
3461
916
202 9163
4005 8372
4458
3391
923
5811
2280
7894
4986
3040
6182
3780
7471
7519
5096
4115
6602
1948
231
8173
7289
3430 8377
136 9697
3939
665
3711 9737
4036
7204 9861
127
1587
6061
1427
5690
6087
6934 8986
6636 8623
5640
1150
2826
407
3359 8305
4965
5256
3602
6930 9196
64
6519
36
1369
1732 8237 8273
852 9357
5803
5954
6036
420
6760
8230
5219
7536
1991
4430
1536
7350 8252
4910 8738
7840
3921
1182
7612
5998
2953
7402
8243 9960
646
7200
3086
5833
2005
5469
3154
4668
7883
7306 9090
4013 9032
1927
5803 8879
5826
597
823
6104 9546
7073
3087
413 9087
8230
2447
5138
6605
1733
3772
1236
2047 8302
225
4342
4034
2107
6262 8801
7019 8789
7833
6620
4534 9781
733
6214
4932
1459
563 9110
7007
5006
7224 9344
888
4598
6580
1723
8280
2966 8753
7533
8221 9890
5150 8325
7832
2042 8574
1608
881
4660
6437
703
3351
4773
5345 9255
7251
2113
3915 9650
842
4179
4288
5306
2231
8306
8018
2309
3410
3118
7536
217 8491 9822
4588
975
2977
3521
7251
5800 9354
3072
1815
4320
7827
7584
5924 8728
4981 9943
2498
2605 9220
4310 8866
7590
4986
5307
4592
6987
6657
1533
5499
5934
8158 8779
4499
3889
4371 9424
755
5060
981
7497
970
5538
1076
3728
3610 8821
538 8909 9295
2963
8182
7767
4075
327
875
8202 9762
4195
1205
4887
1884
1521
7739
385
3551
2016
3854
526
5797
7211
7352
888
7291
2790
1235
7373
543 8464 8659 8804 9095
5139
2938
6506 9136
2663
1936
2416 8575
3931
625 9807
7751
3992
2101 9526
7012 9491
3482
4718
1051 8657
1560
7022
6151
4589
1069 9096
1698
7862
6506
1684
4007
6399
6493
6019
8064
2933
4891
1410 9142
6212
1074
7139 9170
1160
2969
5742
861
936 9244 9593
7460
3379
5426
476
7210
783
3987
4047
5426
345
4940 9107
6281
8087
6292
1385 9866
2444
5917
5210
1950
4203
4278
7442
555
7318
7055
7027
8397
5658
6064
5308
7188
2170
7511 9076
483
1022
4856
3462
3283
7874
2616
4346 8633
3268
117 8984
8127 8641
1196 8848
4918
2332
7183 9624
4199
5584 9554
5234 8921
743
5843
8331
1064
4307
3580
1992
4297
3817
8074
3918
36 8841 9696
5097
5174 8957
5781
879
741
1962
1950
6335
416
2417
1542
4195
5768
4032
4426
6156
7859
5477 9814
173 9725
6136
340
4540
3132 9857
6246
5332
2227
1058
2763
4732
2187
4288
3436
1050
839 9303
2336
1229
7535
282
3456
3711
6217
1467 8994
630
1941
1436
7994
2007 9218
6605
6038
412
148
7627
795 8557 8662
1780 9120
5248
4387
8553
7513
344
1045
4653
6413 8627
2228
1089 9511
7819
3796
498
375
3432
4972
6662
1903 9812
2793
8308
8403
6332
6781
4944
4412
6320
6392
1424
7068
5472
8143
1387
4889 9757
2786
6864
6501 9683
7932
5126
737
3939
52
1414
3265
3431
646 9627
6011
5222
6183 8673
6960
6704
4091
2815 9722
7111
5451
6752
256
425
2952
833
2810
7594
7687
2967
6874
1146
6677
4815
5729 8963
8216
7517
3665
8093 9322
8562
313
2206 9487
2213
479
5705
8478
1061
4077
4794
2351
8089
2413 9591
7566
8481 8781
41
4686
8004
5856
3479
3052
2003
3140
4048
4325
2251
2536
7759 8889
2990
1590
8412
4846
8397
7100
8099
8553
338 8854
5059
7340 8875
3480 9078
5546
6359 9636
5094
2114
5781
523
8602
4143
482
7923
2841
6109
3757
1841
5482
4703 9131
1528
4344
4484
851
5815
7212
1684
7772
43
2590
6458 9343
8038
1398 8698
973
5402
8695
4946
4027
7905 9224
1224 9966
1548
4200
7927
6876
3257
5696
3065
4837
1543 9409 9748
4354
4956
6440
1168
3581
8056
8114
6992
2937
2933 9460
3635
6010
3266
4625
3608
6580
8343
4060
100
548
3361
4676
1593
6386
4073
6706
8244
358
1093
2517
7299
2678
5051
7556
1440 9471
7067
6707
3228 9271
1712
3807
7770
8303
2821
5747
6301
2375
7479
6276
445
2981
7804
6683
5106
5874
6863
6165
923
1627
4702 9007
4714
7699
3400
939
4266
6840
8140
3668
8357
11
8641
2018
5830
5512
6363
3726
1821
6472
8286
4513 8890
5865
2047
7026
5013
7705
5740
7665
783 9518
7080
7434
8285
7070 8896
768
8397
303
1284
4280
7930
7023
3480
1469
7710
6099
4094
4681
3243
915
5240
2460
4077
8369 9245
4017
3528
3846
47
4535
5944
5343
398
4079
6098
2869 8927
2193
1816
5578
1666
3188
6770
7720
6646
8500
6689
4328
4531
2594
7654 9694
1474 9021
8482
2149
5110
6963
6478
1039
8663
457
5781
336
4355
4259
2975
1609
4572
3990
5837
6735
8347 9843
874 9864
2873
8048
3119
1811
1809
3533 9492
3088 9983
8665
7032
93
7574
8265
348
5580 9298
5327
1289
3898
4499
2469
2803
5587
8654
8790
2225
7075
7186
1646
5821
8802
3140
3284
932
7993
7782
5077
7543
1636 9519
1412
3032
4007
3136
8370
2429
3130 9277
194
7263
2761
6581
5593
3637
4819
107
3780
8488
7679
7290 9644
7505
4828
7913
8832
6356
1543
2095
3458
5124
5301
54
1951
1722
6431
1157 9910
5149
3885
2676
270
4825
6539
7036
3749
2079
2282
6451
4998
5457
5313
2780 9976
2792 9420
802
8036
8502
3373
6129
5350
7987
3517
8622
7970
4508
3141
7965
410
1477
4059
121
666
7709
7801
6589
1808
822
3156
2057
5288
5836
7713
1359
8480
3245 9387
8215
978
3499
7421
1263
7521
1088
3744
8542 9872
260 9246
966
3188
3501
4145
292
1687
7988
3176
7435
5031
4041
8770
3417
7521
2239
3063
5847
3587
5580
5140
6465
3748
1513
5035
5890
8847
523 9394
5077
7892
2355
5360 9692
6288
7021
5686
314
2339
8263
231
494
3541
1898
6166
3492
2665
4458
6336
6543
901 9751
3673 9954
4949
7463 9774
5623
1966
5432
8071
1874
2199
312
338
835
6920
604
4526
7863
3483
4721
5455
6401
6920
4299
1457
1143
5810
2609
615
5265
6224
6969
3062 9556
4382
8470
2705
8666
2784
1964
5108
4282 9629
7071
2574
8167
4530
8272 9652
7337
5504
8262 9545
3851
8162
6777
5187
8397
8417
1559
4315 9671
7907
4054
6785
2857
5429
1306
3987
2135
8448
6201
7345 9869
8294
1862
3953
4609
1531
1117
3721
4253
3666
8112
8554
1811
3558
5360
7089
4038
3154
7494
2486
7881
3041
8682
640
3141
1635
534 9469
8400 9146
2705
2236
3741
7923
983
8429
1904
3817
2611
9136
2458
987
1203
7206
5273
1007
630 9214
3339
5753
7838
4498
1519
5904
6265
547
623
8181
3801
1744
1016
5076
6069
7344
8432
1270 9631
7668
141
6347 9950
7263
402
2660
6538
6342
2176
598
4367
5022
4200 9875
4388
1081
7259 9689
1466
838
1659
6925
2055
3499
1207
8074
8225
5585
7195
6253
801
4043
5433 9397
4154
7202
394
1290
7900
83
1170
7944
3867
2412
7374
9153
5037
3549
3569
8547
3617
8346
5446
7873
1409
8701
6979
5868
3207
1875
2425
142 9990
5309
3613
4629
7980
7296
2201
7828
1398
1901
4950 9552
602
2343
3675
8437
8821
8995
285
3902
211
6055
8126
3766
71 9860
1962
8316
3143
3431
3008 9835
1420
6679
2595
1149
2040
6251
2925
6874
5295
6814
2942
1093
8749
1031
5859
8132
460
19
8911
5473
2336
1055
7931
1830
7543
3478
487
3774
6428
2065
1943
130
6773
6809
4426
5313
8370
922
5084
8881
6521
5294
352
673
8534 9488
7723
4930
5077
481
7139
3452
4936
4629
2962
6155
408 9842
1834
7629
2569
3491
4763
3324
2291
8626
7633
7599
7900
2770 9402
3486
5973
5131
2501
1902
7334
6781
376
3957
3684 9991
8154
2639
2988
967
6795
2025
8693
8297
4189
6635
2950
7042
4994
7379
5048
2307
3447
8337
3521 9854
8095
8231
7867
5689
789
638
15 9874
8022
5619
474
5263
533
1928
4504
5690
4059
5868
3218
4916
7818
5994 9551 9567
1064
822
4785 9407
5078
1097
2075
7968
1358
6845
3810
8985 9538
928
4424
8068
5045
2486
7395
9022
1344
3408
9202
228
3044
1341
3188
9326 9773
5131
7679
5731
4201
9379
3991
8711
6232
3686
6698
7363
5520
6291
518
5991
6262 9914
5308
8954
7816
7883
2679
8360
4398
2949
7011
5920
17
7037
5750 9753
1400
6612
2074
4300
6612
477
2004
1100
1558
3677
5314
6002
6347
2867
5010
7280
4973
6910 9885
7162
6831
4066
3058
4851
6096 9638
7184
2825 9663
6385
1346
8721
3696
7836
5123
6470
7824
3835
359
3673
9135
5344
8746 9902
5107
5138
1900
5294
785
945
823
3333
1952
4499
5965
7757
3662
7735
4330
8629
9303
4128
1481
8409
8873
1911
8059
3715 9829
1813
1771
7640
3894
7035
7854
2559
4301
7580
3496
7523
1257
4703
7299
4717
8564
7322
3783
7754
179
3749
2335
8798 9847
8904
925
6081
5624
3698
4609 9525
9524
8408
7820
2929
4033
2545
619
3372
5329
77
4973
835
3333
9387
5033
6848
3944
3310
5015
1247
9090
8269
76
1099
4594
3034
9376
9240
5401
8487
66
9074
4319
7318
74
5435
2357
3995
2715 9578
2194
5856
1104 9724
9376
3379 9967
5222
3709
5407
667
7848
3043
1808
1377
5217
9563
5990
4760
2432
568
732
3245
6861
6719
4344
1494
363
809
8639
7850
8437
4315
7702
6414
5249
7245
7032
5120
1851
4935
915
6774
2202
3684
7719
2472
6310
3268 9707
1137
4983
7816
3769
2702
563
6835 9695
1239
6974
5426
5360
2395
6085
8485
5253
3731
8599
987
9082
4657
9171
5745
5554
2226
7553
8668
5435
9455
8151
6155
459
2527
7483
8923
5776 9920
3488
84
4051
5981
8319
5461
9087
5629
5397
95
3110
3907
6015
6319
651
6341
6338
9457
3583
3768
1571
5614
4837
7112
2050
9098
3446
3169
688
7341
2113
7090
4979
1233
2249
3324
3745 9974
8590
6701
4408
2666
2979
3836
9187
4174
2254
9026
5606
8846
9617
8500
8203
4933
5388
1244
3277
7818
5982
310
4542
1928
9610
4407
846
5756
35
6327
3533
2219
4014
4489
1897
3934
6869
1403
5552
8606
7359
9566
8519
7893
3368
562
5031
5686
5175
2152
8070
2270
3623
5605
8206
3379
2392
1204
5581
1355
5241
413
2333
5969
10
8711
4802
2046
9043
399
9431
2456
3807
8071
8587
6926
7390
4573
6980
8377
1510
1399
3240
8162
3196
4640
4980 9772
2961
4262
9769 9965
9402
9046
7024
2873
7742
5867
3445
3541
8289
6835
2743
414
838
4269
6067
667
2377
4638
693
7977
6904
5187
3085
2096
7973
4943
2741
1498
3600
5419
3980
4294
7703
694
8405
1992 9926
172
5670
2260
8572
2704
8518
2998
1285
3100
3780
7087
6123
2626
8331
5550
98
8025
6022
7523
188
9495
379
1942
5837
4059
7624
9258
176
563 9904
1540
2958
685
5176
9314
8866
2730
2581
5061
9518
4910
8123
801
515
2109
3135
9355
4960
562
8523
5055
4957
9253
8208
2302
993
8867
6971 9892
8452
2534
4894
9109
4743
4694
8994
4103
9362
9184 9876
9875
1208
7671
4376
3522
4212
4401
1810
5845
9449
7457
4670
1393
1113
8305
418
9865
1432
2465
2415
6146
6728
2638
3717
7057
6270
9471
7746
9837 9995
6941
5030
2718
4642
3962
8938
525
2918
5417
9418
5213
5237
3402
925
225
9645
4771
557
38
4012 9982
7184
9808
5887
7009
951
1148
3608
6489
6532
5378
4290
3777
6278
7635
5498
2407
2571
4693
8344
1516
3459
1277
7622
3092
5950
9174
7306
3919
6525
9044
1347
6220
3192
7662
4084
8252
6194
564
7286
3876
9772
8702
9568
3472
7925
3132
1125
7096
3938
9682
3069
8953
1312
1801
7763
3179
1061
9924
8874
5160
4008
6898
2039
5276
3440
9230
9336
6082
2901
5583
9904
4497
5712
6866
3853
6122
